8425064,cruise,13.00,1.31,-1.00,-1.00,0.13,1.00,0.00,0.00,1.00,-0.33,-2.12,9.59,1.56
10189628,cruise,13.00,1.31,-1.00,-1.00,0.13,1.00,0.00,0.00,1.00,-0.21,-2.15,9.60,1.28
10281744,cruise,13.00,1.31,-1.00,-1.00,0.13,1.00,0.00,0.00,1.00,-0.22,-2.11,9.64,1.27
10390972,cruise,13.00,1.31,-1.00,-1.00,0.13,1.00,0.00,0.00,1.00,-0.24,-2.17,9.57,1.26
10473676,cruise,13.00,1.31,-1.00,-1.00,0.13,1.00,0.00,0.00,1.00,-0.23,-2.07,9.60,0.00
10558380,cruise,13.00,1.31,-1.00,-1.00,0.13,1.00,0.00,0.00,1.00,-0.22,-2.19,9.48,0.00
10659572,cruise,13.00,1.31,-1.00,-1.00,0.13,1.00,0.00,0.00,1.00,-0.21,-2.14,9.50,0.00
10744360,cruise,13.00,1.31,-1.00,-1.00,0.13,1.00,0.00,0.00,1.00,-0.22,-2.13,9.62,0.00
10829180,cruise,13.00,1.31,-1.00,-1.00,0.13,1.00,0.00,0.00,1.00,-0.22,-2.16,9.57,0.00
10914300,cruise,13.00,1.31,-1.00,-1.00,0.13,1.00,0.00,0.00,1.00,-0.23,-2.13,9.57,0.00
11001232,cruise,13.00,1.31,-1.00,-1.00,0.13,1.00,0.00,0.00,1.00,-0.22,-2.16,9.57,0.00
11086032,cruise,13.00,1.31,-1.00,-1.00,0.13,1.00,0.00,0.00,1.00,-0.24,-2.15,9.61,0.00
11183560,cruise,13.00,1.31,-1.00,-1.00,0.13,1.00,0.00,0.00,1.00,-0.20,-2.16,9.59,0.00
11269840,cruise,13.00,1.31,-1.00,-1.00,0.13,1.00,0.00,0.00,1.00,-0.18,-2.15,9.53,0.00
11355064,cruise,13.00,1.31,-1.00,-1.00,0.13,1.00,0.00,0.00,1.00,-0.24,-2.11,9.49,0.00
11441928,cruise,13.00,1.31,-1.00,-1.00,0.13,1.00,0.00,0.00,1.00,-0.24,-2.21,9.61,0.00
11526772,cruise,13.00,1.31,-1.00,-1.00,0.13,1.00,0.00,0.00,1.00,-0.20,-2.04,9.61,0.00
11613704,cruise,13.00,1.31,-1.00,-1.00,0.13,1.00,0.00,0.00,1.00,-0.21,-2.19,9.49,0.00
11711864,cruise,13.00,1.31,-1.00,-1.00,0.13,1.00,0.00,0.00,1.00,-0.28,-2.13,9.48,0.00
11796704,cruise,13.00,1.31,-1.00,-1.00,0.13,1.00,0.00,0.00,1.00,-0.15,-2.07,9.57,0.00
11882172,cruise,13.00,1.31,-1.00,-1.00,0.13,1.00,0.00,0.00,1.00,-0.27,-2.23,9.60,0.00
11966988,cruise,13.00,1.31,-1.00,-1.00,0.13,1.00,0.00,0.00,1.00,-0.23,-2.12,9.55,0.00
12053888,cruise,13.00,1.31,-1.00,-1.00,0.13,1.00,0.00,0.00,1.00,-0.19,-2.11,9.62,0.00
12138892,cruise,13.00,1.31,-1.00,-1.00,0.13,1.00,0.00,0.00,1.00,-0.25,-2.19,9.62,0.00
12236012,cruise,13.00,1.31,-1.00,-1.00,0.13,1.00,0.00,0.00,1.00,-0.24,-2.10,9.64,0.00
12322812,cruise,13.00,1.31,-1.00,-1.00,0.13,1.00,0.00,0.00,1.00,-0.20,-2.13,9.57,0.00
12407640,cruise,13.00,1.31,-1.00,-1.00,0.13,1.00,0.00,0.00,1.00,-0.24,-2.16,9.49,0.00
12494564,cruise,13.00,1.31,-1.00,-1.00,0.13,1.00,0.00,0.00,1.00,-0.23,-2.12,9.59,0.00
12579460,cruise,13.00,1.31,-1.00,-1.00,0.13,1.00,0.00,0.00,1.00,-0.22,-2.13,9.60,0.00
12665984,cruise,13.00,1.31,-1.00,-1.00,0.13,1.00,0.00,0.00,1.00,-0.24,-2.19,9.47,0.00
12764012,cruise,13.00,1.31,-1.00,-1.00,0.13,1.00,0.00,0.00,1.00,-0.24,-2.12,9.52,0.00
12848920,cruise,13.00,1.31,-1.00,-1.00,0.13,1.00,0.00,0.00,1.00,-0.22,-2.18,9.60,0.00
12933828,cruise,13.00,1.31,-1.00,-1.00,0.13,1.00,0.00,0.00,1.00,-0.23,-2.14,9.60,0.00
13018720,cruise,13.00,1.31,-1.00,-1.00,0.13,1.00,0.00,0.00,1.00,-0.22,-2.14,9.54,0.00
13105656,cruise,13.00,1.31,-1.00,-1.00,0.13,1.00,0.00,0.00,1.00,-0.22,-2.17,9.60,0.00
13190720,cruise,13.00,1.31,-1.00,-1.00,0.13,1.00,0.00,0.00,1.00,-0.25,-2.13,9.61,0.00
13287716,cruise,13.00,1.31,-1.00,-1.00,0.13,1.00,0.00,0.00,1.00,-0.22,-2.14,9.60,0.00
13374748,cruise,13.00,1.31,-1.00,-1.00,0.13,1.00,0.00,0.00,1.00,-0.23,-2.16,9.57,0.00
13460436,land,13.00,1.31,-1.00,-1.00,1.00,-1.00,0.00,-15.00,-1.00,-0.23,-2.12,9.51,0.00
13547236,land,13.00,1.31,-1.00,-1.00,1.00,-1.00,0.00,-15.00,-1.00,-0.23,-2.13,9.60,0.00
13632276,land,13.00,1.31,-1.00,-1.00,1.00,-1.00,0.00,-15.00,-1.00,-0.23,-2.15,9.58,0.00
13718384,land,13.00,1.31,-1.00,-1.00,1.00,-1.00,0.00,-15.00,-1.00,-0.21,-2.14,9.58,0.00
13816608,land,13.00,1.31,-1.00,-1.00,1.00,-1.00,0.00,-15.00,-1.00,-0.23,-2.14,9.49,0.00
13901648,land,13.00,1.31,-1.00,-1.00,1.00,-1.00,0.00,-15.00,-1.00,-0.23,-2.14,9.55,0.00
13988364,land,13.00,1.31,-1.00,-1.00,1.00,-1.00,0.00,-15.00,-1.00,-0.22,-2.13,9.60,0.00
14075256,land,13.00,1.31,-1.00,-1.00,1.00,-1.00,0.00,-15.00,-1.00,-0.23,-2.15,9.54,0.00
14160300,land,13.00,1.31,-1.00,-1.00,1.00,-1.00,0.00,-15.00,-1.00,-0.21,-2.14,9.47,0.00
14247404,land,13.00,1.31,-1.00,-1.00,1.00,-1.00,0.00,-15.00,-1.00,-0.22,-2.13,9.61,0.00
14344968,land,13.00,1.31,-1.00,-1.00,1.00,-1.00,0.00,-15.00,-1.00,-0.25,-2.15,9.59,0.00
14430596,land,13.00,1.31,-1.00,-1.00,1.00,-1.00,0.00,-15.00,-1.00,-0.23,-2.11,9.60,0.00
14517588,land,13.00,1.31,-1.00,-1.00,1.00,-1.00,0.00,-15.00,-1.00,-0.22,-2.16,9.51,0.00
14602628,land,13.00,1.31,-1.00,-1.00,1.00,-1.00,0.00,-15.00,-1.00,-0.22,-2.15,9.56,0.00
14689420,land,13.00,1.31,-1.00,-1.00,1.00,-1.00,0.00,-15.00,-1.00,-0.24,-2.13,9.62,0.00
14776132,land,13.00,1.31,-1.00,-1.00,1.00,-1.00,0.00,-15.00,-1.00,-0.22,-2.16,9.53,0.00
14872328,land,13.00,1.31,-1.00,-1.00,1.00,-1.00,0.00,-15.00,-1.00,-0.24,-2.12,9.55,0.00
14959544,land,13.00,1.31,-1.00,-1.00,1.00,-1.00,0.00,-15.00,-1.00,-0.21,-2.16,9.61,0.00
15046060,land,13.00,1.31,-1.00,-1.00,1.00,-1.00,0.00,-15.00,-1.00,-0.24,-2.13,9.61,0.00
15131628,land,13.00,1.31,-1.00,-1.00,1.00,-1.00,0.00,-15.00,-1.00,-0.22,-2.13,9.59,0.00
15218644,land,13.00,1.31,-1.00,-1.00,1.00,-1.00,0.00,-15.00,-1.00,-0.22,-2.18,9.48,0.00
15303708,land,13.00,1.31,-1.00,-1.00,1.00,-1.00,0.00,-15.00,-1.00,-0.25,-2.14,9.57,0.00
15401096,land,13.00,1.31,-1.00,-1.00,1.00,-1.00,0.00,-15.00,-1.00,-0.23,-2.14,9.62,0.00
15508528,land,13.00,1.31,-1.00,-1.00,1.00,-1.00,0.00,-15.00,-1.00,-0.24,-2.13,9.57,0.00
15593836,land,13.00,1.31,-1.00,-1.00,1.00,-1.00,0.00,-15.00,-1.00,-0.20,-2.14,9.62,0.00
15680988,land,13.00,1.31,-1.00,-1.00,1.00,-1.00,0.00,-15.00,-1.00,-0.21,-2.14,9.59,0.00
15767756,land,13.00,1.31,-1.00,-1.00,1.00,-1.00,0.00,-15.00,-1.00,-0.22,-2.13,9.49,0.00
15864424,land,13.00,1.31,-1.00,-1.00,1.00,-1.00,0.00,-15.00,-1.00,-0.22,-2.15,9.48,0.00
15951380,land,13.00,1.31,-1.00,-1.00,1.00,-1.00,0.00,-15.00,-1.00,-0.23,-2.15,9.63,0.00
16036488,land,13.00,1.31,-1.00,-1.00,1.00,-1.00,0.00,-15.00,-1.00,-0.20,-2.16,9.57,0.00
16122480,land,13.00,1.31,-1.00,-1.00,1.00,-1.00,0.00,-15.00,-1.00,-0.23,-2.15,9.58,0.00
16209752,land,13.00,1.31,-1.00,-1.00,1.00,-1.00,0.00,-15.00,-1.00,-0.23,-2.15,9.60,0.00
16294844,land,13.00,1.31,-1.00,-1.00,1.00,-1.00,0.00,-15.00,-1.00,-0.23,-2.15,9.67,0.00
16392516,land,13.00,1.31,-1.00,-1.00,1.00,-1.00,0.00,-15.00,-1.00,-0.21,-2.16,9.60,0.00
16479740,land,13.00,1.31,-1.00,-1.00,1.00,-1.00,0.00,-15.00,-1.00,-0.22,-2.15,9.55,0.00
16564916,land,13.00,1.31,-1.00,-1.00,1.00,-1.00,0.00,-15.00,-1.00,-0.24,-2.13,9.50,0.00
16652200,land,13.00,1.31,-1.00,-1.00,1.00,-1.00,0.00,-15.00,-1.00,-0.23,-2.17,9.63,0.00
16737364,land,13.00,1.31,-1.00,-1.00,1.00,-1.00,0.00,-15.00,-1.00,-0.23,-2.12,9.57,0.00
16823568,land,13.00,1.31,-1.00,-1.00,1.00,-1.00,0.00,-15.00,-1.00,-0.23,-2.18,9.56,0.00
16921984,land,13.00,1.31,-1.00,-1.00,1.00,-1.00,0.00,-15.00,-1.00,-0.24,-2.13,9.50,0.00
17007628,land,13.00,1.31,-1.00,-1.00,1.00,-1.00,0.00,-15.00,-1.00,-0.22,-2.17,9.59,0.00
17093840,land,13.00,1.31,-1.00,-1.00,1.00,-1.00,0.00,-15.00,-1.00,-0.23,-2.13,9.60,0.00
17180928,land,13.00,1.31,-1.00,-1.00,1.00,-1.00,0.00,-15.00,-1.00,-0.23,-2.12,9.56,0.00
17266060,land,13.00,1.31,-1.00,-1.00,1.00,-1.00,0.00,-15.00,-1.00,-0.23,-2.18,9.48,0.00
17353400,land,13.00,1.31,-1.00,-1.00,1.00,-1.00,0.00,-15.00,-1.00,-0.21,-2.10,9.64,0.00
17451756,land,13.00,1.31,-1.00,-1.00,1.00,-1.00,0.00,-15.00,-1.00,-0.23,-2.21,9.60,0.00
17536912,land,13.00,1.31,-1.00,-1.00,1.00,-1.00,0.00,-15.00,-1.00,-0.22,-2.08,9.60,0.00
17623956,land,13.00,1.31,-1.00,-1.00,1.00,-1.00,0.00,-15.00,-1.00,-0.22,-2.18,9.49,0.00
17710564,land,13.00,1.31,-1.00,-1.00,1.00,-1.00,0.00,-15.00,-1.00,-0.25,-2.17,9.60,0.00
17795896,land,13.00,1.31,-1.00,-1.00,1.00,-1.00,0.00,-15.00,-1.00,-0.23,-2.12,9.61,0.00
17883108,land,13.00,1.31,-1.00,-1.00,1.00,-1.00,0.00,-15.00,-1.00,-0.22,-2.18,9.51,0.00
17980848,land,13.00,1.31,-1.00,-1.00,1.00,-1.00,0.00,-15.00,-1.00,-0.25,-2.09,9.59,0.00
18066292,land,13.00,1.31,-1.00,-1.00,1.00,-1.00,0.00,-15.00,-1.00,-0.24,-2.20,9.51,0.00
18153540,land,13.00,1.31,-1.00,-1.00,1.00,-1.00,0.00,-15.00,-1.00,-0.21,-2.14,9.63,0.00
18238712,land,13.00,1.31,-1.00,-1.00,1.00,-1.00,0.00,-15.00,-1.00,-0.20,-2.16,9.59,0.00
18325408,land,13.00,1.31,-1.00,-1.00,1.00,-1.00,0.00,-15.00,-1.00,-0.22,-2.15,9.48,0.00
18438220,land,13.00,1.31,-1.00,-1.00,1.00,-1.00,0.00,-15.00,-1.00,-0.22,-2.22,9.58,0.00
18525440,land,13.00,1.31,-1.00,-1.00,1.00,-1.00,0.00,-15.00,-1.00,-0.19,-2.13,9.50,0.00
18612120,land,13.00,1.31,-1.00,-1.00,1.00,-1.00,0.00,-15.00,-1.00,-0.27,-2.18,9.62,0.00
18697544,land,13.00,1.31,-1.00,-1.00,1.00,-1.00,0.00,-15.00,-1.00,-0.21,-2.17,9.62,0.00
18784788,land,13.00,1.31,-1.00,-1.00,1.00,-1.00,0.00,-15.00,-1.00,-0.23,-2.13,9.59,0.00
18870316,land,13.00,1.31,-1.00,-1.00,1.00,-1.00,0.00,-15.00,-1.00,-0.20,-2.17,9.50,0.00
18967700,land,13.00,1.31,-1.00,-1.00,1.00,-1.00,0.00,-15.00,-1.00,-0.24,-2.13,9.51,0.00
19054960,land,13.00,1.31,-1.00,-1.00,1.00,-1.00,0.00,-15.00,-1.00,-0.21,-2.16,9.61,0.00
19140172,land,13.00,1.31,-1.00,-1.00,1.00,-1.00,0.00,-15.00,-1.00,-0.25,-2.15,9.59,0.00
19226996,land,13.00,1.31,-1.00,-1.00,1.00,-1.00,0.00,-15.00,-1.00,-0.23,-2.13,9.51,0.00
19314176,land,13.00,1.31,-1.00,-1.00,1.00,-1.00,0.00,-15.00,-1.00,-0.23,-2.16,9.65,0.00
19399372,land,13.00,1.31,-1.00,-1.00,1.00,-1.00,0.00,-15.00,-1.00,-0.22,-2.16,9.62,0.00
19497436,land,13.00,1.31,-1.00,-1.00,1.00,-1.00,0.00,-15.00,-1.00,-0.23,-2.12,9.59,0.00
19584548,land,13.00,1.31,-1.00,-1.00,1.00,-1.00,0.00,-15.00,-1.00,-0.22,-2.17,9.53,0.00
19669808,land,13.00,1.31,-1.00,-1.00,1.00,-1.00,0.00,-15.00,-1.00,-0.22,-2.16,9.49,0.00
19757176,land,13.00,1.31,-1.00,-1.00,1.00,-1.00,0.00,-15.00,-1.00,-0.22,-2.14,9.63,0.00
19842416,land,13.00,1.31,-1.00,-1.00,1.00,-1.00,0.00,-15.00,-1.00,-0.23,-2.19,9.57,0.00
19928732,land,13.00,1.31,-1.00,-1.00,1.00,-1.00,0.00,-15.00,-1.00,-0.20,-2.15,9.56,0.00
20027152,land,13.00,1.31,-1.00,-1.00,1.00,-1.00,0.00,-15.00,-1.00,-0.22,-2.15,9.50,0.00
20112876,land,13.00,1.31,-1.00,-1.00,1.00,-1.00,0.00,-15.00,-1.00,-0.22,-2.17,9.60,0.00
20199236,land,13.00,1.31,-1.00,-1.00,1.00,-1.00,0.00,-15.00,-1.00,-0.21,-2.14,9.60,0.00
20286528,land,13.00,1.31,-1.00,-1.00,1.00,-1.00,0.00,-15.00,-1.00,-0.22,-2.14,9.54,0.00
20371756,land,13.00,1.31,-1.00,-1.00,1.00,-1.00,0.00,-15.00,-1.00,-0.23,-2.15,9.51,0.00
20458820,land,13.00,1.31,-1.00,-1.00,1.00,-1.00,0.00,-15.00,-1.00,-0.24,-2.13,9.62,0.00
20557260,land,13.00,1.31,-1.00,-1.00,1.00,-1.00,0.00,-15.00,-1.00,-0.22,-2.17,9.63,0.00
20650608,land,13.00,1.31,-1.00,-1.00,1.00,-1.00,0.00,-15.00,-1.00,-0.24,-2.15,9.61,0.00
20749108,land,13.00,1.31,-1.00,-1.00,1.00,-1.00,0.00,-15.00,-1.00,-0.20,-2.15,9.60,0.00
20835756,land,13.00,1.31,-1.00,-1.00,1.00,-1.00,0.00,-15.00,-1.00,-0.23,-2.16,9.51,0.00
20921248,land,13.00,1.31,-1.00,-1.00,1.00,-1.00,0.00,-15.00,-1.00,-0.21,-2.15,9.48,0.00
21008596,land,13.00,1.31,-1.00,-1.00,1.00,-1.00,0.00,-15.00,-1.00,-0.24,-2.12,9.62,0.00
21107492,land,13.00,1.31,-1.00,-1.00,1.00,-1.00,0.00,-15.00,-1.00,-0.22,-2.14,9.63,0.00
21192740,land,13.00,1.31,-1.00,-1.00,1.00,-1.00,0.00,-15.00,-1.00,-0.22,-2.16,9.57,0.00
21280136,land,13.00,1.31,-1.00,-1.00,1.00,-1.00,0.00,-15.00,-1.00,-0.22,-2.15,9.50,0.00
21366924,land,13.00,1.31,-1.00,-1.00,1.00,-1.00,0.00,-15.00,-1.00,-0.23,-2.14,9.56,0.00
21452212,land,13.00,1.31,-1.00,-1.00,1.00,-1.00,0.00,-15.00,-1.00,-0.23,-2.15,9.59,0.00
21549620,land,13.00,1.31,-1.00,-1.00,1.00,-1.00,0.00,-15.00,-1.00,-0.20,-2.16,9.60,0.00
21635268,land,13.00,1.31,-1.00,-1.00,1.00,-1.00,0.00,-15.00,-1.00,-0.25,-2.17,9.54,0.00
21721640,land,13.00,1.31,-1.00,-1.00,1.00,-1.00,0.00,-15.00,-1.00,-0.21,-2.18,9.50,0.00
21808988,land,13.00,1.31,-1.00,-1.00,1.00,-1.00,0.00,-15.00,-1.00,-0.22,-2.10,9.62,0.00
21894288,land,13.00,1.31,-1.00,-1.00,1.00,-1.00,0.00,-15.00,-1.00,-0.24,-2.25,9.57,0.00
21981420,land,13.00,1.31,-1.00,-1.00,1.00,-1.00,0.00,-15.00,-1.00,-0.20,-2.07,9.52,0.00
22079892,land,13.00,1.31,-1.00,-1.00,1.00,-1.00,0.00,-15.00,-1.00,-0.26,-2.16,9.46,0.00
22165184,land,13.00,1.31,-1.00,-1.00,1.00,-1.00,0.00,-15.00,-1.00,-0.26,-2.22,9.59,0.00
22251964,land,13.00,1.31,-1.00,-1.00,1.00,-1.00,0.00,-15.00,-1.00,-0.22,-2.08,9.62,0.00
22338900,land,13.00,1.31,-1.00,-1.00,1.00,-1.00,0.00,-15.00,-1.00,-0.20,-2.12,9.58,0.00
22424172,land,13.00,1.31,-1.00,-1.00,1.00,-1.00,0.00,-15.00,-1.00,-0.22,-2.25,9.47,0.00
22511604,land,13.00,1.31,-1.00,-1.00,1.00,-1.00,0.00,-15.00,-1.00,-0.19,-2.11,9.62,0.00
22610068,land,12.94,1.31,-1.00,-1.00,1.00,-1.00,0.00,-15.00,-1.00,-0.33,-2.05,9.66,-0.17
22695444,land,12.94,1.31,-1.00,-1.00,1.00,-1.00,0.00,-15.00,-1.00,-0.10,-2.38,9.54,-0.18
22782700,land,12.94,1.31,-1.00,-1.00,1.00,-1.00,0.00,-15.00,-1.00,-0.26,-2.03,9.51,-0.17
22869152,land,12.88,1.31,-1.00,-1.00,1.00,-1.00,0.00,-15.00,-1.00,-0.18,-2.05,9.64,-0.35
22954772,land,12.88,1.31,-1.00,-1.00,1.00,-1.00,0.00,-15.00,-1.00,-0.25,-2.41,9.72,-0.18
23042232,land,12.88,1.31,-1.00,-1.00,1.00,-1.00,0.00,-15.00,-1.00,-0.23,-2.03,9.57,-0.18
23140164,land,12.81,1.31,-1.00,-1.00,1.00,-1.00,0.00,-15.00,-1.00,-0.15,-2.23,9.51,-0.35
23225572,land,12.88,1.31,-1.00,-1.00,1.00,-1.00,0.00,-15.00,-1.00,-0.28,-2.27,9.48,0.00
23313100,land,12.88,1.31,-1.00,-1.00,1.00,-1.00,0.00,-15.00,-1.00,-0.22,-1.99,9.65,0.00
23398496,land,12.81,1.31,-1.00,-1.00,1.00,-1.00,0.00,-15.00,-1.00,-0.21,-2.19,9.60,-0.18
23484844,land,12.81,1.31,-1.00,-1.00,1.00,-1.00,0.00,-15.00,-1.00,-0.26,-2.25,9.54,0.00
23572212,land,12.81,1.31,-1.00,-1.00,1.00,-1.00,0.00,-15.00,-1.00,-0.21,-2.04,9.64,-0.18
23674564,land,12.81,1.31,-1.00,-1.00,1.00,-1.00,0.00,-15.00,-1.00,-0.27,-2.21,9.60,-0.17
23761716,land,12.81,1.31,-1.00,-1.00,1.00,-1.00,0.00,-15.00,-1.00,-0.19,-2.17,9.60,0.00
23847084,land,12.81,1.31,-1.00,-1.00,1.00,-1.00,0.00,-15.00,-1.00,-0.25,-2.16,9.59,0.00
23934456,land,12.81,1.31,-1.00,-1.00,1.00,-1.00,0.00,-15.00,-1.00,-0.24,-2.23,9.48,0.00
24020900,land,12.81,1.31,-1.00,-1.00,1.00,-1.00,0.00,-15.00,-1.00,-0.25,-2.10,9.59,0.00
24117388,land,12.81,1.31,-1.00,-1.00,1.00,-1.00,0.00,-15.00,-1.00,-0.19,-2.22,9.61,0.00
24204016,land,12.81,1.31,-1.00,-1.00,1.00,-1.00,0.00,-15.00,-1.00,-0.21,-2.18,9.61,0.00
24290044,land,12.81,1.31,-1.00,-1.00,1.00,-1.00,0.00,-15.00,-1.00,-0.20,-2.06,9.60,0.00
24376376,land,12.81,1.31,-1.00,-1.00,1.00,-1.00,0.00,-15.00,-1.00,-0.31,-2.28,9.49,0.00
24463756,land,12.81,1.31,-1.00,-1.00,1.00,-1.00,0.00,-15.00,-1.00,-0.25,-2.12,9.61,0.00
24549132,land,12.81,1.31,-1.00,-1.00,1.00,-1.00,0.00,-15.00,-1.00,-0.19,-2.13,9.60,0.00
24646896,land,12.81,1.31,-1.00,-1.00,1.00,-1.00,0.00,-15.00,-1.00,-0.25,-2.23,9.60,0.00
24734396,land,12.81,1.31,-1.00,-1.00,1.00,-1.00,0.00,-15.00,-1.00,-0.23,-2.13,9.50,0.00
24819768,land,12.81,1.31,-1.00,-1.00,1.00,-1.00,0.00,-15.00,-1.00,-0.16,-2.14,9.60,0.00
24906712,land,12.81,1.31,-1.00,-1.00,1.00,-1.00,0.00,-15.00,-1.00,-0.20,-2.08,9.60,0.00
24994116,land,12.81,1.31,-1.00,-1.00,1.00,-1.00,0.00,-15.00,-1.00,-0.27,-2.27,9.55,0.00
25079544,land,12.81,1.31,-1.00,-1.00,1.00,-1.00,0.00,-15.00,-1.00,-0.20,-2.09,9.51,0.00
25177308,land,12.81,1.31,-1.00,-1.00,1.00,-1.00,0.00,-15.00,-1.00,-0.26,-2.15,9.47,0.00
25264776,land,12.81,1.31,-1.00,-1.00,1.00,-1.00,0.00,-15.00,-1.00,-0.20,-2.32,9.57,0.00
25350236,land,12.75,1.31,-1.00,-1.00,1.00,-1.00,0.00,-15.00,-1.00,-0.27,-1.97,9.65,-0.18
25437416,land,12.75,1.31,-1.00,-1.00,1.00,-1.00,0.00,-15.00,-1.00,-0.27,-2.17,9.51,-0.17
25524648,land,12.81,1.31,-1.00,-1.00,1.00,-1.00,0.00,-15.00,-1.00,-0.20,-2.24,9.62,0.00
25610108,land,12.81,1.31,-1.00,-1.00,1.00,-1.00,0.00,-15.00,-1.00,-0.25,-2.06,9.67,0.00
25708096,land,12.81,1.31,-1.00,-1.00,1.00,-1.00,0.00,-15.00,-1.00,-0.24,-2.24,9.58,0.17
25795612,land,12.81,1.31,-1.00,-1.00,1.00,-1.00,0.00,-15.00,-1.00,-0.19,-2.09,9.53,0.17
25889884,land,12.81,1.31,-1.00,-1.00,1.00,-1.00,0.00,-15.00,-1.00,-0.29,-2.11,9.54,0.00
25986836,land,12.81,1.31,-1.00,-1.00,1.00,-1.00,0.00,-15.00,-1.00,-0.17,-2.25,9.50,0.00
26072600,land,12.81,1.31,-1.00,-1.00,1.00,-1.00,0.00,-15.00,-1.00,-0.22,-2.08,9.62,0.00
26159156,land,12.81,1.31,-1.00,-1.00,1.00,-1.00,0.00,-15.00,-1.00,-0.27,-2.23,9.63,0.00
26257072,land,12.81,1.31,-1.00,-1.00,1.00,-1.00,0.00,-15.00,-1.00,-0.17,-2.16,9.57,0.00
26342632,land,12.81,1.31,-1.00,-1.00,1.00,-1.00,0.00,-15.00,-1.00,-0.23,-2.13,9.53,0.00
26429264,land,12.81,1.31,-1.00,-1.00,1.00,-1.00,0.00,-15.00,-1.00,-0.25,-2.22,9.48,0.00
26516764,land,12.81,1.31,-1.00,-1.00,1.00,-1.00,0.00,-15.00,-1.00,-0.25,-2.11,9.63,0.00
26602168,land,12.81,1.31,-1.00,-1.00,1.00,-1.00,0.00,-15.00,-1.00,-0.17,-2.16,9.59,0.00
26700068,land,12.81,1.31,-1.00,-1.00,1.00,-1.00,0.00,-15.00,-1.00,-0.31,-2.16,9.55,0.00
26787544,land,12.81,1.31,-1.00,-1.00,1.00,-1.00,0.00,-15.00,-1.00,-0.22,-2.13,9.54,0.00
26873008,land,12.81,1.31,-1.00,-1.00,1.00,-1.00,0.00,-15.00,-1.00,-0.21,-2.20,9.59,0.00
26959852,land,12.81,1.31,-1.00,-1.00,1.00,-1.00,0.00,-15.00,-1.00,-0.22,-2.10,9.59,0.00
27047416,land,12.75,1.31,-1.00,-1.00,1.00,-1.00,0.00,-15.00,-1.00,-0.15,-2.17,9.49,-0.18
27132980,land,12.75,1.31,-1.00,-1.00,1.00,-1.00,0.00,-15.00,-1.00,-0.23,-2.24,9.50,-0.18
27241036,land,12.75,1.31,-1.00,-1.00,1.00,-1.00,0.00,-15.00,-1.00,-0.22,-2.11,9.54,-0.17
27328480,land,12.81,1.25,-1.00,-1.00,1.00,-1.00,0.00,-15.00,-1.00,-0.13,-2.18,9.64,0.00
27413976,land,12.81,1.31,-1.00,-1.00,1.00,-1.00,0.00,-15.00,-1.00,-0.33,-2.14,9.61,0.17
27501272,land,12.81,1.31,-1.00,-1.00,1.00,-1.00,0.00,-15.00,-1.00,-0.14,-2.17,9.60,0.17
27588804,land,12.75,1.25,-1.00,-1.00,1.00,-1.00,0.00,-15.00,-1.00,-0.35,-2.16,9.51,0.00
27674440,land,12.81,1.25,-1.00,-1.00,1.00,-1.00,0.00,-15.00,-1.00,-0.01,-2.35,9.49,0.00
27774144,land,12.75,1.25,-1.00,-1.00,1.00,-1.00,0.00,-15.00,-1.00,-0.27,-2.03,9.67,-0.17
27862680,land,12.75,1.25,-1.00,-1.00,1.00,-1.00,0.00,-15.00,-1.00,-0.33,-2.25,9.55,-0.17
27952456,land,12.75,1.25,-1.00,-1.00,1.00,-1.00,0.00,-15.00,-1.00,-0.13,-2.12,9.53,0.00
28042228,land,12.69,1.31,-1.00,-1.00,1.00,-1.00,0.00,-15.00,-1.00,-0.40,-2.14,9.54,-0.34
28131964,land,12.75,1.31,-1.00,-1.00,1.00,-1.00,0.00,-15.00,-1.00,-0.10,-2.21,9.57,0.00
28221380,land,12.69,1.31,-1.00,-1.00,1.00,-1.00,0.00,-15.00,-1.00,-0.29,-2.09,9.66,-0.17
28322324,land,12.69,1.31,-1.00,-1.00,1.00,-1.00,0.00,-15.00,-1.00,-0.12,-2.22,9.61,-0.17
28410012,land,12.69,1.31,-1.00,-1.00,1.00,-1.00,0.00,-15.00,-1.00,-0.32,-2.11,9.59,0.00
28497672,land,12.69,1.31,-1.00,-1.00,1.00,-1.00,0.00,-15.00,-1.00,-0.20,-2.13,9.55,-0.17
28585896,land,12.69,1.31,-1.00,-1.00,1.00,-1.00,0.00,-15.00,-1.00,-0.22,-2.16,9.50,0.00
28675132,land,12.69,1.31,-1.00,-1.00,1.00,-1.00,0.00,-15.00,-1.00,-0.20,-2.14,9.60,0.00
28763672,land,12.69,1.31,-1.00,-1.00,1.00,-1.00,0.00,-15.00,-1.00,-0.25,-2.18,9.61,0.00
28862784,land,12.69,1.31,-1.00,-1.00,1.00,-1.00,0.00,-15.00,-1.00,-0.21,-2.14,9.57,0.00
28952368,land,12.69,1.31,-1.00,-1.00,1.00,-1.00,0.00,-15.00,-1.00,-0.23,-2.14,9.58,0.00
29041016,land,12.69,1.31,-1.00,-1.00,1.00,-1.00,0.00,-15.00,-1.00,-0.20,-2.18,9.53,0.00
29128624,land,12.69,1.31,-1.00,-1.00,1.00,-1.00,0.00,-15.00,-1.00,-0.29,-2.19,9.62,0.00
29216884,land,12.69,1.31,-1.00,-1.00,1.00,-1.00,0.00,-15.00,-1.00,-0.38,-2.07,9.61,0.00
29316692,land,12.69,1.31,-1.00,-1.00,1.00,-1.00,0.00,-15.00,-1.00,-0.33,-2.15,9.69,0.00
29406240,land,12.69,1.31,-1.00,-1.00,1.00,-1.00,0.00,-15.00,-1.00,-0.19,-2.23,9.46,0.00
29495864,land,12.69,1.31,-1.00,-1.00,1.00,-1.00,0.00,-15.00,-1.00,-0.17,-2.08,9.54,0.00
29585624,land,12.69,1.31,-1.00,-1.00,1.00,-1.00,0.00,-15.00,-1.00,-0.32,-2.15,9.61,0.00
29675420,land,12.69,1.31,-1.00,-1.00,1.00,-1.00,0.00,-15.00,-1.00,-0.15,-2.21,9.59,0.00
29763052,land,12.69,1.31,-1.00,-1.00,1.00,-1.00,0.00,-15.00,-1.00,-0.25,-2.13,9.58,0.00
29861916,land,12.69,1.31,-1.00,-1.00,1.00,-1.00,0.00,-15.00,-1.00,-0.20,-2.17,9.60,0.00
29949588,land,12.69,1.31,-1.00,-1.00,1.00,-1.00,0.00,-15.00,-1.00,-0.26,-2.19,9.57,0.00
30038096,land,12.69,1.31,-1.00,-1.00,1.00,-1.00,0.00,-15.00,-1.00,-0.14,-2.10,9.55,0.00
30127416,land,12.63,1.31,-1.00,-1.00,1.00,-1.00,0.00,-15.00,-1.00,-0.23,-2.23,9.62,-0.17
30216324,land,12.69,1.31,-1.00,-1.00,1.00,-1.00,0.00,-15.00,-1.00,-0.25,-2.13,9.60,0.00
30305988,land,12.69,1.31,-1.00,-1.00,1.00,-1.00,0.00,-15.00,-1.00,-0.29,-2.11,9.60,0.00
30406880,land,12.75,1.31,-1.00,-1.00,1.00,-1.00,0.00,-15.00,-1.00,-0.22,-2.25,9.50,0.17
30496716,land,12.81,1.31,-1.00,-1.00,1.00,-1.00,0.00,-15.00,-1.00,-0.28,-2.12,9.50,0.51
30586368,land,12.88,1.31,-1.00,-1.00,1.00,-1.00,0.00,-15.00,-1.00,-0.14,-2.19,9.60,0.51
30676188,land,12.94,1.31,-1.00,-1.00,1.00,-1.00,0.00,-15.00,-1.00,-0.16,-2.28,9.63,0.68
30763928,land,12.94,1.31,-1.00,-1.00,1.00,-1.00,0.00,-15.00,-1.00,-0.16,-2.22,9.58,0.53
30851640,land,12.94,1.31,-1.00,-1.00,1.00,-1.00,0.00,-15.00,-1.00,-0.22,-2.24,9.54,0.35
30950488,land,12.94,1.31,-1.00,-1.00,1.00,-1.00,0.00,-15.00,-1.00,-0.14,-2.20,9.51,0.17
31039208,land,12.94,1.31,-1.00,-1.00,1.00,-1.00,0.00,-15.00,-1.00,-0.31,-2.11,9.50,0.00
31128828,land,12.94,1.31,-1.00,-1.00,1.00,-1.00,0.00,-15.00,-1.00,-0.17,-2.25,9.60,0.00
31239284,land,12.94,1.31,-1.00,-1.00,1.00,-1.00,0.00,-15.00,-1.00,-0.21,-2.17,9.59,0.00
31342016,land,12.94,1.31,-1.00,-1.00,1.00,-1.00,0.00,-15.00,-1.00,-0.23,-2.22,9.48,0.00
31430500,land,12.94,1.31,-1.00,-1.00,1.00,-1.00,0.00,-15.00,-1.00,-0.27,-2.12,9.60,0.00
31530564,land,12.94,1.31,-1.00,-1.00,1.00,-1.00,0.00,-15.00,-1.00,-0.22,-2.23,9.57,0.00
31619904,land,12.94,1.31,-1.00,-1.00,1.00,-1.00,0.00,-15.00,-1.00,-0.21,-2.16,9.56,0.00
31709692,land,12.94,1.31,-1.00,-1.00,1.00,-1.00,0.00,-15.00,-1.00,-0.23,-2.18,9.57,0.00
31799444,land,12.94,1.31,-1.00,-1.00,1.00,-1.00,0.00,-15.00,-1.00,-0.18,-2.21,9.47,0.00
31889216,land,12.94,1.31,-1.00,-1.00,1.00,-1.00,0.00,-15.00,-1.00,-0.28,-2.18,9.59,0.00
31990028,land,12.94,1.31,-1.00,-1.00,1.00,-1.00,0.00,-15.00,-1.00,-0.22,-2.22,9.57,0.00
32079808,land,12.94,1.31,-1.00,-1.00,1.00,-1.00,0.00,-15.00,-1.00,-0.22,-2.09,9.61,0.00
32167556,land,12.94,1.31,-1.00,-1.00,1.00,-1.00,0.00,-15.00,-1.00,-0.25,-2.23,9.57,0.00
32256328,land,12.94,1.31,-1.00,-1.00,1.00,-1.00,0.00,-15.00,-1.00,-0.21,-2.19,9.57,0.00
32344052,land,12.94,1.31,-1.00,-1.00,1.00,-1.00,0.00,-15.00,-1.00,-0.24,-2.13,9.51,0.00
32432444,land,12.94,1.31,-1.00,-1.00,1.00,-1.00,0.00,-15.00,-1.00,-0.22,-2.25,9.63,0.00
32532136,land,12.94,1.31,-1.00,-1.00,1.00,-1.00,0.00,-15.00,-1.00,-0.22,-2.13,9.65,0.00
32621400,land,12.94,1.31,-1.00,-1.00,1.00,-1.00,0.00,-15.00,-1.00,-0.19,-2.12,9.62,0.00
32711376,land,12.94,1.31,-1.00,-1.00,1.00,-1.00,0.00,-15.00,-1.00,-0.30,-2.24,9.56,0.00
32801264,land,12.94,1.31,-1.00,-1.00,1.00,-1.00,0.00,-15.00,-1.00,-0.21,-2.15,9.50,0.00
32891020,land,12.94,1.31,-1.00,-1.00,1.00,-1.00,0.00,-15.00,-1.00,-0.22,-2.15,9.56,0.00
32980836,land,12.94,1.31,-1.00,-1.00,1.00,-1.00,0.00,-15.00,-1.00,-0.26,-2.23,9.61,0.00
33081828,land,12.94,1.31,-1.00,-1.00,1.00,-1.00,0.00,-15.00,-1.00,-0.24,-2.18,9.59,0.00
33170076,land,12.94,1.31,-1.00,-1.00,1.00,-1.00,0.00,-15.00,-1.00,-0.22,-2.17,9.61,0.00
33259976,land,12.94,1.31,-1.00,-1.00,1.00,-1.00,0.00,-15.00,-1.00,-0.22,-2.21,9.57,0.00
33349660,land,12.94,1.31,-1.00,-1.00,1.00,-1.00,0.00,-15.00,-1.00,-0.24,-2.21,9.49,0.00
33438596,land,12.94,1.31,-1.00,-1.00,1.00,-1.00,0.00,-15.00,-1.00,-0.20,-2.17,9.57,0.00
33526352,land,12.94,1.31,-1.00,-1.00,1.00,-1.00,0.00,-15.00,-1.00,-0.23,-2.18,9.62,0.00
33625308,land,12.94,1.31,-1.00,-1.00,1.00,-1.00,0.00,-15.00,-1.00,-0.23,-2.18,9.60,0.00
33714204,land,12.94,1.31,-1.00,-1.00,1.00,-1.00,0.00,-15.00,-1.00,-0.22,-2.17,9.59,0.00
33803432,land,12.94,1.31,-1.00,-1.00,1.00,-1.00,0.00,-15.00,-1.00,-0.22,-2.20,9.49,0.00
33893216,land,12.94,1.31,-1.00,-1.00,1.00,-1.00,0.00,-15.00,-1.00,-0.19,-2.18,9.57,0.00
33982992,land,12.94,1.31,-1.00,-1.00,1.00,-1.00,0.00,-15.00,-1.00,-0.23,-2.18,9.60,0.00
34070796,land,12.94,1.31,-1.00,-1.00,1.00,-1.00,0.00,-15.00,-1.00,-0.21,-2.18,9.61,0.00
34169696,land,12.94,1.31,-1.00,-1.00,1.00,-1.00,0.00,-15.00,-1.00,-0.20,-2.19,9.61,0.00
34257508,land,12.94,1.31,-1.00,-1.00,1.00,-1.00,0.00,-15.00,-1.00,-0.24,-2.19,9.56,0.00
34345648,land,12.94,1.31,-1.00,-1.00,1.00,-1.00,0.00,-15.00,-1.00,-0.22,-2.20,9.48,0.00
34434740,land,12.94,1.31,-1.00,-1.00,1.00,-1.00,0.00,-15.00,-1.00,-0.22,-2.17,9.55,0.00
34524296,land,12.94,1.31,-1.00,-1.00,1.00,-1.00,0.00,-15.00,-1.00,-0.22,-2.18,9.59,0.00
34614216,land,12.94,1.31,-1.00,-1.00,1.00,-1.00,0.00,-15.00,-1.00,-0.22,-2.19,9.57,0.00
34715052,land,12.94,1.31,-1.00,-1.00,1.00,-1.00,0.00,-15.00,-1.00,-0.22,-2.17,9.55,0.00
34804908,land,12.94,1.31,-1.00,-1.00,1.00,-1.00,0.00,-15.00,-1.00,-0.22,-2.19,9.50,0.00
34894868,land,12.94,1.31,-1.00,-1.00,1.00,-1.00,0.00,-15.00,-1.00,-0.23,-2.19,9.60,0.00
34984784,land,12.94,1.31,-1.00,-1.00,1.00,-1.00,0.00,-15.00,-1.00,-0.23,-2.21,9.60,0.00
35072732,land,12.94,1.31,-1.00,-1.00,1.00,-1.00,0.00,-15.00,-1.00,-0.23,-2.18,9.60,0.00
35171656,land,12.94,1.31,-1.00,-1.00,1.00,-1.00,0.00,-15.00,-1.00,-0.22,-2.22,9.56,0.00
35259488,land,12.94,1.31,-1.00,-1.00,1.00,-1.00,0.00,-15.00,-1.00,-0.21,-2.19,9.54,0.00
35347488,land,12.94,1.31,-1.00,-1.00,1.00,-1.00,0.00,-15.00,-1.00,-0.26,-2.19,9.50,0.00
35436644,land,12.94,1.31,-1.00,-1.00,1.00,-1.00,0.00,-15.00,-1.00,-0.20,-2.16,9.60,0.00
35526228,land,12.94,1.31,-1.00,-1.00,1.00,-1.00,0.00,-15.00,-1.00,-0.24,-2.19,9.57,0.00
35616404,land,12.94,1.31,-1.00,-1.00,1.00,-1.00,0.00,-15.00,-1.00,-0.20,-2.18,9.54,0.00
35717040,land,12.94,1.31,-1.00,-1.00,1.00,-1.00,0.00,-15.00,-1.00,-0.25,-2.19,9.56,0.00
35806772,land,12.94,1.31,-1.00,-1.00,1.00,-1.00,0.00,-15.00,-1.00,-0.20,-2.18,9.47,0.00
35896712,land,12.94,1.31,-1.00,-1.00,1.00,-1.00,0.00,-15.00,-1.00,-0.24,-2.18,9.60,0.00
35986560,land,12.94,1.31,-1.00,-1.00,1.00,-1.00,0.00,-15.00,-1.00,-0.22,-2.21,9.63,0.00
36074764,land,12.94,1.31,-1.00,-1.00,1.00,-1.00,0.00,-15.00,-1.00,-0.23,-2.19,9.59,0.00
36164180,land,12.94,1.31,-1.00,-1.00,1.00,-1.00,0.00,-15.00,-1.00,-0.22,-2.16,9.53,0.00
36265236,land,12.94,1.31,-1.00,-1.00,1.00,-1.00,0.00,-15.00,-1.00,-0.21,-2.19,9.56,0.00
36355136,land,12.94,1.31,-1.00,-1.00,1.00,-1.00,0.00,-15.00,-1.00,-0.22,-2.19,9.51,0.00
36444648,land,12.94,1.31,-1.00,-1.00,1.00,-1.00,0.00,-15.00,-1.00,-0.23,-2.20,9.60,0.00
36542432,land,12.94,1.31,-1.00,-1.00,1.00,-1.00,0.00,-15.00,-1.00,-0.24,-2.17,9.57,0.00
36645024,land,12.94,1.31,-1.00,-1.00,1.00,-1.00,0.00,-15.00,-1.00,-0.22,-2.19,9.60,0.00
36733944,land,12.94,1.31,-1.00,-1.00,1.00,-1.00,0.00,-15.00,-1.00,-0.23,-2.18,9.57,0.00
36834696,land,12.94,1.31,-1.00,-1.00,1.00,-1.00,0.00,-15.00,-1.00,-0.20,-2.17,9.61,0.00
36922504,land,12.94,1.31,-1.00,-1.00,1.00,-1.00,0.00,-15.00,-1.00,-0.25,-2.20,9.60,0.00
37010480,land,12.94,1.31,-1.00,-1.00,1.00,-1.00,0.00,-15.00,-1.00,-0.20,-2.18,9.52,0.00
37099560,land,12.94,1.31,-1.00,-1.00,1.00,-1.00,0.00,-15.00,-1.00,-0.25,-2.19,9.45,0.00
37189128,land,12.94,1.31,-1.00,-1.00,1.00,-1.00,0.00,-15.00,-1.00,-0.22,-2.20,9.62,0.00
37277880,land,12.94,1.31,-1.00,-1.00,1.00,-1.00,0.00,-15.00,-1.00,-0.22,-2.18,9.59,0.00
37377216,land,12.94,1.31,-1.00,-1.00,1.00,-1.00,0.00,-15.00,-1.00,-0.24,-2.16,9.58,0.00
37466984,land,12.94,1.31,-1.00,-1.00,1.00,-1.00,0.00,-15.00,-1.00,-0.23,-2.20,9.55,0.00
37556668,land,12.94,1.31,-1.00,-1.00,1.00,-1.00,0.00,-15.00,-1.00,-0.21,-2.19,9.51,0.00
37645560,land,12.94,1.31,-1.00,-1.00,1.00,-1.00,0.00,-15.00,-1.00,-0.24,-2.20,9.61,0.00
37733428,land,12.94,1.31,-1.00,-1.00,1.00,-1.00,0.00,-15.00,-1.00,-0.22,-2.19,9.61,0.00
37832416,land,12.94,1.31,-1.00,-1.00,1.00,-1.00,0.00,-15.00,-1.00,-0.22,-2.19,9.62,0.00
37921460,land,12.94,1.31,-1.00,-1.00,1.00,-1.00,0.00,-15.00,-1.00,-0.22,-2.17,9.58,0.00
38010996,land,12.94,1.31,-1.00,-1.00,1.00,-1.00,0.00,-15.00,-1.00,-0.23,-2.16,9.49,0.00
38100748,land,12.94,1.31,-1.00,-1.00,1.00,-1.00,0.00,-15.00,-1.00,-0.23,-2.17,9.57,0.00
38190640,land,12.94,1.31,-1.00,-1.00,1.00,-1.00,0.00,-15.00,-1.00,-0.22,-2.18,9.61,0.00
38279008,land,12.94,1.31,-1.00,-1.00,1.00,-1.00,0.00,-15.00,-1.00,-0.23,-2.21,9.59,0.00
38378076,land,12.94,1.31,-1.00,-1.00,1.00,-1.00,0.00,-15.00,-1.00,-0.22,-2.17,9.59,0.00
38466992,land,12.94,1.31,-1.00,-1.00,1.00,-1.00,0.00,-15.00,-1.00,-0.22,-2.18,9.54,0.00
38554936,land,12.94,1.31,-1.00,-1.00,1.00,-1.00,0.00,-15.00,-1.00,-0.23,-2.19,9.52,0.00
38643260,land,12.94,1.31,-1.00,-1.00,1.00,-1.00,0.00,-15.00,-1.00,-0.22,-2.18,9.53,0.00
38732352,land,12.94,1.31,-1.00,-1.00,1.00,-1.00,0.00,-15.00,-1.00,-0.22,-2.19,9.59,0.00
38822212,land,12.94,1.31,-1.00,-1.00,1.00,-1.00,0.00,-15.00,-1.00,-0.27,-2.18,9.54,0.00
38922892,land,12.94,1.31,-1.00,-1.00,1.00,-1.00,0.00,-15.00,-1.00,-0.21,-2.18,9.56,0.00
39012412,land,12.94,1.31,-1.00,-1.00,1.00,-1.00,0.00,-15.00,-1.00,-0.27,-2.20,9.58,0.00
39102452,land,12.94,1.31,-1.00,-1.00,1.00,-1.00,0.00,-15.00,-1.00,-0.21,-2.22,9.60,0.00
39192416,land,12.94,1.31,-1.00,-1.00,1.00,-1.00,0.00,-15.00,-1.00,-0.25,-2.18,9.60,0.00
39280792,land,12.94,1.31,-1.00,-1.00,1.00,-1.00,0.00,-15.00,-1.00,-0.19,-2.22,9.59,0.00
39370816,land,12.94,1.31,-1.00,-1.00,1.00,-1.00,0.00,-15.00,-1.00,-0.25,-2.19,9.54,0.00
39471928,land,12.94,1.31,-1.00,-1.00,1.00,-1.00,0.00,-15.00,-1.00,-0.18,-2.22,9.59,0.00
39561868,land,12.94,1.31,-1.00,-1.00,1.00,-1.00,0.00,-15.00,-1.00,-0.24,-2.17,9.48,0.00
39651936,land,12.94,1.31,-1.00,-1.00,1.00,-1.00,0.00,-15.00,-1.00,-0.21,-2.17,9.60,0.00
39741904,land,12.94,1.31,-1.00,-1.00,1.00,-1.00,0.00,-15.00,-1.00,-0.22,-2.17,9.64,0.00
39829868,land,12.94,1.31,-1.00,-1.00,1.00,-1.00,0.00,-15.00,-1.00,-0.22,-2.23,9.61,0.00
39918008,land,12.94,1.31,-1.00,-1.00,1.00,-1.00,0.00,-15.00,-1.00,-0.25,-2.19,9.52,0.00
40017080,land,12.94,1.31,-1.00,-1.00,1.00,-1.00,0.00,-15.00,-1.00,-0.22,-2.19,9.56,0.00
40105620,land,12.94,1.31,-1.00,-1.00,1.00,-1.00,0.00,-15.00,-1.00,-0.21,-2.18,9.49,0.00
40195016,land,12.94,1.31,-1.00,-1.00,1.00,-1.00,0.00,-15.00,-1.00,-0.22,-2.19,9.61,0.00
40284244,land,12.94,1.31,-1.00,-1.00,1.00,-1.00,0.00,-15.00,-1.00,-0.22,-2.21,9.62,0.00
40374320,land,12.94,1.31,-1.00,-1.00,1.00,-1.00,0.00,-15.00,-1.00,-0.24,-2.18,9.51,0.00
40464320,land,12.94,1.31,-1.00,-1.00,1.00,-1.00,0.00,-15.00,-1.00,-0.22,-2.20,9.51,0.00
40566896,land,12.94,1.31,-1.00,-1.00,1.00,-1.00,0.00,-15.00,-1.00,-0.24,-2.19,9.56,0.00
40656044,land,12.94,1.31,-1.00,-1.00,1.00,-1.00,0.00,-15.00,-1.00,-0.23,-2.17,9.52,0.00
40745664,land,12.94,1.31,-1.00,-1.00,1.00,-1.00,0.00,-15.00,-1.00,-0.24,-2.20,9.61,0.00
40835344,land,12.94,1.31,-1.00,-1.00,1.00,-1.00,0.00,-15.00,-1.00,-0.18,-2.17,9.61,0.00
40925252,land,12.94,1.31,-1.00,-1.00,1.00,-1.00,0.00,-15.00,-1.00,-0.25,-2.21,9.50,0.00
41026372,land,12.94,1.31,-1.00,-1.00,1.00,-1.00,0.00,-15.00,-1.00,-0.22,-2.19,9.54,0.00
41116232,land,12.94,1.31,-1.00,-1.00,1.00,-1.00,0.00,-15.00,-1.00,-0.22,-2.15,9.52,0.00
41206272,land,12.94,1.31,-1.00,-1.00,1.00,-1.00,0.00,-15.00,-1.00,-0.21,-2.20,9.58,0.00
41296376,land,12.94,1.31,-1.00,-1.00,1.00,-1.00,0.00,-15.00,-1.00,-0.23,-2.22,9.59,0.00
41385064,land,12.94,1.31,-1.00,-1.00,1.00,-1.00,0.00,-15.00,-1.00,-0.24,-2.13,9.60,0.00
41475144,land,12.94,1.31,-1.00,-1.00,1.00,-1.00,0.00,-15.00,-1.00,-0.23,-2.18,9.54,0.00
41576324,land,12.94,1.31,-1.00,-1.00,1.00,-1.00,0.00,-15.00,-1.00,-0.21,-2.19,9.57,0.00
41666280,land,12.94,1.31,-1.00,-1.00,1.00,-1.00,0.00,-15.00,-1.00,-0.25,-2.14,9.48,0.00
41756404,land,12.94,1.31,-1.00,-1.00,1.00,-1.00,0.00,-15.00,-1.00,-0.21,-2.21,9.62,0.00
41846464,land,12.94,1.31,-1.00,-1.00,1.00,-1.00,0.00,-15.00,-1.00,-0.23,-2.16,9.65,0.00
41946188,land,12.94,1.31,-1.00,-1.00,1.00,-1.00,0.00,-15.00,-1.00,-0.24,-2.16,9.62,0.00
42047436,land,12.94,1.31,-1.00,-1.00,1.00,-1.00,0.00,-15.00,-1.00,-0.24,-2.22,9.63,0.00
42148420,land,12.94,1.31,-1.00,-1.00,1.00,-1.00,0.00,-15.00,-1.00,-0.24,-2.18,9.60,0.00
42237972,land,12.94,1.31,-1.00,-1.00,1.00,-1.00,0.00,-15.00,-1.00,-0.19,-2.16,9.63,0.00
42328288,land,12.94,1.31,-1.00,-1.00,1.00,-1.00,0.00,-15.00,-1.00,-0.25,-2.21,9.51,0.00
42418308,land,12.94,1.31,-1.00,-1.00,1.00,-1.00,0.00,-15.00,-1.00,-0.22,-2.19,9.49,0.00
42508368,land,12.94,1.31,-1.00,-1.00,1.00,-1.00,0.00,-15.00,-1.00,-0.20,-2.14,9.64,0.00
42598516,land,12.94,1.31,-1.00,-1.00,1.00,-1.00,0.00,-15.00,-1.00,-0.22,-2.20,9.61,0.00
42699260,land,12.94,1.31,-1.00,-1.00,1.00,-1.00,0.00,-15.00,-1.00,-0.29,-2.19,9.60,0.00
42788464,land,12.94,1.31,-1.00,-1.00,1.00,-1.00,0.00,-15.00,-1.00,-0.13,-2.15,9.61,0.00
42878608,land,12.94,1.31,-1.00,-1.00,1.00,-1.00,0.00,-15.00,-1.00,-0.29,-2.21,9.51,0.00
42968716,land,12.94,1.31,-1.00,-1.00,1.00,-1.00,0.00,-15.00,-1.00,-0.22,-2.19,9.50,0.00
43058868,land,12.94,1.31,-1.00,-1.00,1.00,-1.00,0.00,-15.00,-1.00,-0.24,-2.14,9.62,0.00
43148976,land,12.94,1.31,-1.00,-1.00,1.00,-1.00,0.00,-15.00,-1.00,-0.17,-2.17,9.58,0.00
43249968,land,12.94,1.31,-1.00,-1.00,1.00,-1.00,0.00,-15.00,-1.00,-0.26,-2.24,9.63,0.00
43339828,land,12.94,1.31,-1.00,-1.00,1.00,-1.00,0.00,-15.00,-1.00,-0.20,-2.11,9.64,0.00
43430188,land,12.94,1.31,-1.00,-1.00,1.00,-1.00,0.00,-15.00,-1.00,-0.25,-2.20,9.55,0.00
43520264,land,12.94,1.31,-1.00,-1.00,1.00,-1.00,0.00,-15.00,-1.00,-0.20,-2.18,9.51,0.00
43610344,land,12.94,1.31,-1.00,-1.00,1.00,-1.00,0.00,-15.00,-1.00,-0.37,-2.14,9.64,0.00
43711264,land,12.94,1.31,-1.00,-1.00,1.00,-1.00,0.00,-15.00,-1.00,-0.20,-2.21,9.54,0.00
43801016,land,12.94,1.31,-1.00,-1.00,1.00,-1.00,0.00,-15.00,-1.00,-0.25,-2.18,9.61,0.00
43890108,land,12.94,1.31,-1.00,-1.00,1.00,-1.00,0.00,-15.00,-1.00,-0.17,-2.17,9.61,0.00
43980288,land,12.94,1.31,-1.00,-1.00,1.00,-1.00,0.00,-15.00,-1.00,-0.26,-2.22,9.57,0.00
44070372,land,12.94,1.31,-1.00,-1.00,1.00,-1.00,0.00,-15.00,-1.00,-0.21,-2.14,9.51,0.00
44160508,land,12.94,1.31,-1.00,-1.00,1.00,-1.00,0.00,-15.00,-1.00,-0.28,-2.20,9.60,0.00
44261632,land,12.94,1.31,-1.00,-1.00,1.00,-1.00,0.00,-15.00,-1.00,-0.20,-2.16,9.55,0.00
44351680,land,12.94,1.31,-1.00,-1.00,1.00,-1.00,0.00,-15.00,-1.00,-0.23,-2.18,9.61,0.00
44441324,land,12.94,1.31,-1.00,-1.00,1.00,-1.00,0.00,-15.00,-1.00,-0.25,-2.19,9.59,0.00
44531436,land,12.94,1.31,-1.00,-1.00,1.00,-1.00,0.00,-15.00,-1.00,-0.21,-2.13,9.56,0.00
44621596,land,12.94,1.31,-1.00,-1.00,1.00,-1.00,0.00,-15.00,-1.00,-0.26,-2.18,9.49,0.00
44711756,land,12.94,1.31,-1.00,-1.00,1.00,-1.00,0.00,-15.00,-1.00,-0.22,-2.20,9.56,0.00
44812704,land,12.94,1.31,-1.00,-1.00,1.00,-1.00,0.00,-15.00,-1.00,-0.22,-2.20,9.54,0.00
44902636,land,12.94,1.31,-1.00,-1.00,1.00,-1.00,0.00,-15.00,-1.00,-0.23,-2.17,9.63,0.00
44991664,land,12.94,1.31,-1.00,-1.00,1.00,-1.00,0.00,-15.00,-1.00,-0.21,-2.18,9.60,0.00
45081856,land,12.94,1.31,-1.00,-1.00,1.00,-1.00,0.00,-15.00,-1.00,-0.24,-2.19,9.56,0.00
45172084,land,12.94,1.31,-1.00,-1.00,1.00,-1.00,0.00,-15.00,-1.00,-0.22,-2.19,9.50,0.00
45262236,land,12.94,1.31,-1.00,-1.00,1.00,-1.00,0.00,-15.00,-1.00,-0.22,-2.18,9.60,0.00
45363388,land,12.94,1.31,-1.00,-1.00,1.00,-1.00,0.00,-15.00,-1.00,-0.25,-2.19,9.66,0.00
45453488,land,12.94,1.31,-1.00,-1.00,1.00,-1.00,0.00,-15.00,-1.00,-0.19,-2.14,9.61,0.00
45542996,land,12.94,1.31,-1.00,-1.00,1.00,-1.00,0.00,-15.00,-1.00,-0.34,-2.12,9.40,0.00
45633208,land,12.94,1.31,-1.00,-1.00,1.00,-1.00,0.00,-15.00,-1.00,-0.19,-2.25,9.72,0.00
45723404,land,12.94,1.31,-1.00,-1.00,1.00,-1.00,0.00,-15.00,-1.00,-0.25,-2.16,9.52,0.00
45813588,land,12.94,1.31,-1.00,-1.00,1.00,-1.00,0.00,-15.00,-1.00,-0.21,-2.18,9.55,0.00
45914468,land,12.94,1.31,-1.00,-1.00,1.00,-1.00,0.00,-15.00,-1.00,-0.21,-2.17,9.64,0.00
46004528,land,12.94,1.31,-1.00,-1.00,1.00,-1.00,0.00,-15.00,-1.00,-0.24,-2.17,9.59,0.00
46093728,land,12.94,1.31,-1.00,-1.00,1.00,-1.00,0.00,-15.00,-1.00,-0.22,-2.19,9.61,0.00
46183884,land,12.94,1.31,-1.00,-1.00,1.00,-1.00,0.00,-15.00,-1.00,-0.25,-2.18,9.57,0.00
46274092,land,12.94,1.31,-1.00,-1.00,1.00,-1.00,0.00,-15.00,-1.00,-0.21,-2.17,9.48,0.00
46364284,land,12.94,1.31,-1.00,-1.00,1.00,-1.00,0.00,-15.00,-1.00,-0.20,-2.23,9.56,0.00
46465384,land,12.94,1.31,-1.00,-1.00,1.00,-1.00,0.00,-15.00,-1.00,-0.23,-2.16,9.63,0.00
46555380,land,12.94,1.31,-1.00,-1.00,1.00,-1.00,0.00,-15.00,-1.00,-0.23,-2.21,9.60,0.00
46644832,land,12.94,1.31,-1.00,-1.00,1.00,-1.00,0.00,-15.00,-1.00,-0.23,-2.18,9.59,0.00
46735056,land,12.94,1.31,-1.00,-1.00,1.00,-1.00,0.00,-15.00,-1.00,-0.22,-2.19,9.55,0.00
46825304,land,12.94,1.31,-1.00,-1.00,1.00,-1.00,0.00,-15.00,-1.00,-0.22,-2.19,9.51,0.00
46926244,land,12.94,1.31,-1.00,-1.00,1.00,-1.00,0.00,-15.00,-1.00,-0.20,-2.16,9.48,0.00
47016284,land,12.94,1.31,-1.00,-1.00,1.00,-1.00,0.00,-15.00,-1.00,-0.25,-2.19,9.61,0.00
47106396,land,12.94,1.31,-1.00,-1.00,1.00,-1.00,0.00,-15.00,-1.00,-0.21,-2.20,9.63,0.00
47195660,land,12.94,1.31,-1.00,-1.00,1.00,-1.00,0.00,-15.00,-1.00,-0.22,-2.16,9.60,0.00
47285704,land,12.94,1.31,-1.00,-1.00,1.00,-1.00,0.00,-15.00,-1.00,-0.25,-2.22,9.58,0.00
47393384,land,12.94,1.31,-1.00,-1.00,1.00,-1.00,0.00,-15.00,-1.00,-0.21,-2.14,9.58,0.00
47493400,land,12.94,1.31,-1.00,-1.00,1.00,-1.00,0.00,-15.00,-1.00,-0.22,-2.24,9.59,0.00
47582292,land,12.94,1.31,-1.00,-1.00,1.00,-1.00,0.00,-15.00,-1.00,-0.22,-2.14,9.59,0.00
47670452,land,12.94,1.31,-1.00,-1.00,1.00,-1.00,0.00,-15.00,-1.00,-0.22,-2.17,9.49,0.00
47759052,land,12.94,1.31,-1.00,-1.00,1.00,-1.00,0.00,-15.00,-1.00,-0.24,-2.21,9.54,0.00
47848304,land,12.94,1.31,-1.00,-1.00,1.00,-1.00,0.00,-15.00,-1.00,-0.23,-2.14,9.62,0.00
47938228,land,12.94,1.31,-1.00,-1.00,1.00,-1.00,0.00,-15.00,-1.00,-0.19,-2.19,9.56,0.00
48038800,land,12.94,1.31,-1.00,-1.00,1.00,-1.00,0.00,-15.00,-1.00,-0.23,-2.19,9.59,0.00
48128452,land,12.94,1.31,-1.00,-1.00,1.00,-1.00,0.00,-15.00,-1.00,-0.19,-2.15,9.53,0.00
48218352,land,12.94,1.31,-1.00,-1.00,1.00,-1.00,0.00,-15.00,-1.00,-0.27,-2.21,9.60,0.00
48308432,land,12.94,1.31,-1.00,-1.00,1.00,-1.00,0.00,-15.00,-1.00,-0.20,-2.17,9.63,0.00
48397696,land,12.94,1.31,-1.00,-1.00,1.00,-1.00,0.00,-15.00,-1.00,-0.23,-2.20,9.61,0.00
48487884,land,12.94,1.31,-1.00,-1.00,1.00,-1.00,0.00,-15.00,-1.00,-0.25,-2.20,9.57,0.00
48589196,land,12.94,1.31,-1.00,-1.00,1.00,-1.00,0.00,-15.00,-1.00,-0.22,-2.17,9.56,0.00
48679128,land,12.94,1.31,-1.00,-1.00,1.00,-1.00,0.00,-15.00,-1.00,-0.23,-2.21,9.50,0.00
48769240,land,12.94,1.31,-1.00,-1.00,1.00,-1.00,0.00,-15.00,-1.00,-0.22,-2.17,9.56,0.00
48859348,land,12.94,1.31,-1.00,-1.00,1.00,-1.00,0.00,-15.00,-1.00,-0.25,-2.19,9.60,0.00
48949364,land,12.94,1.31,-1.00,-1.00,1.00,-1.00,0.00,-15.00,-1.00,-0.23,-2.20,9.60,0.00
49039660,land,12.94,1.31,-1.00,-1.00,1.00,-1.00,0.00,-15.00,-1.00,-0.25,-2.16,9.56,0.00
49140420,land,12.94,1.31,-1.00,-1.00,1.00,-1.00,0.00,-15.00,-1.00,-0.21,-2.18,9.58,0.00
49230232,land,12.94,1.31,-1.00,-1.00,1.00,-1.00,0.00,-15.00,-1.00,-0.26,-2.22,9.50,0.00
49320216,land,12.94,1.31,-1.00,-1.00,1.00,-1.00,0.00,-15.00,-1.00,-0.18,-2.14,9.55,0.00
49410196,land,12.94,1.31,-1.00,-1.00,1.00,-1.00,0.00,-15.00,-1.00,-0.26,-2.23,9.59,0.00
49499636,land,12.94,1.31,-1.00,-1.00,1.00,-1.00,0.00,-15.00,-1.00,-0.22,-2.18,9.58,0.00
49600376,land,12.94,1.31,-1.00,-1.00,1.00,-1.00,0.00,-15.00,-1.00,-0.26,-2.19,9.59,0.00
49690732,land,12.94,1.31,-1.00,-1.00,1.00,-1.00,0.00,-15.00,-1.00,-0.22,-2.20,9.58,0.00
49780912,land,12.94,1.31,-1.00,-1.00,1.00,-1.00,0.00,-15.00,-1.00,-0.24,-2.16,9.46,0.00
49871008,land,12.94,1.31,-1.00,-1.00,1.00,-1.00,0.00,-15.00,-1.00,-0.20,-2.18,9.61,0.00
49961148,land,12.94,1.31,-1.00,-1.00,1.00,-1.00,0.00,-15.00,-1.00,-0.23,-2.21,9.63,0.00
50051144,land,12.94,1.31,-1.00,-1.00,1.00,-1.00,0.00,-15.00,-1.00,-0.22,-2.18,9.59,0.00
50151824,land,12.94,1.31,-1.00,-1.00,1.00,-1.00,0.00,-15.00,-1.00,-0.24,-2.20,9.61,0.00
50241888,land,12.94,1.31,-1.00,-1.00,1.00,-1.00,0.00,-15.00,-1.00,-0.22,-2.19,9.55,0.00
50331744,land,12.94,1.31,-1.00,-1.00,1.00,-1.00,0.00,-15.00,-1.00,-0.22,-2.18,9.48,0.00
50421860,land,12.94,1.31,-1.00,-1.00,1.00,-1.00,0.00,-15.00,-1.00,-0.23,-2.22,9.62,0.00
50512016,land,12.94,1.31,-1.00,-1.00,1.00,-1.00,0.00,-15.00,-1.00,-0.18,-2.12,9.61,0.00
50601284,land,12.94,1.31,-1.00,-1.00,1.00,-1.00,0.00,-15.00,-1.00,-0.28,-2.25,9.58,0.00
50702204,land,12.94,1.31,-1.00,-1.00,1.00,-1.00,0.00,-15.00,-1.00,-0.14,-2.11,9.59,0.00
50792712,land,12.94,1.31,-1.00,-1.00,1.00,-1.00,0.00,-15.00,-1.00,-0.26,-2.20,9.55,0.00
50882716,land,12.94,1.31,-1.00,-1.00,1.00,-1.00,0.00,-15.00,-1.00,-0.19,-2.18,9.49,0.00
50972892,land,12.94,1.31,-1.00,-1.00,1.00,-1.00,0.00,-15.00,-1.00,-0.20,-2.14,9.66,0.00
51062964,land,12.94,1.31,-1.00,-1.00,1.00,-1.00,0.00,-15.00,-1.00,-0.23,-2.24,9.61,0.00
51152984,land,12.94,1.31,-1.00,-1.00,1.00,-1.00,0.00,-15.00,-1.00,-0.21,-2.12,9.44,0.00
51253796,land,12.94,1.31,-1.00,-1.00,1.00,-1.00,0.00,-15.00,-1.00,-0.21,-2.17,9.57,0.00
51343832,land,12.94,1.31,-1.00,-1.00,1.00,-1.00,0.00,-15.00,-1.00,-0.26,-2.22,9.52,0.00
51433736,land,12.94,1.31,-1.00,-1.00,1.00,-1.00,0.00,-15.00,-1.00,-0.18,-2.18,9.52,0.00
51523776,land,12.94,1.31,-1.00,-1.00,1.00,-1.00,0.00,-15.00,-1.00,-0.27,-2.22,9.61,0.00
51613808,land,12.94,1.31,-1.00,-1.00,1.00,-1.00,0.00,-15.00,-1.00,-0.21,-2.21,9.64,0.00
51703100,land,12.94,1.31,-1.00,-1.00,1.00,-1.00,0.00,-15.00,-1.00,-0.16,-2.14,9.60,0.00
51821956,land,12.94,1.31,-1.00,-1.00,1.00,-1.00,0.00,-15.00,-1.00,-0.33,-2.17,9.63,0.00
51912328,land,12.94,1.31,-1.00,-1.00,1.00,-1.00,0.00,-15.00,-1.00,-0.17,-2.18,9.62,0.00
52000596,land,12.94,1.31,-1.00,-1.00,1.00,-1.00,0.00,-15.00,-1.00,-0.21,-2.17,9.60,0.00
52089360,land,12.94,1.31,-1.00,-1.00,1.00,-1.00,0.00,-15.00,-1.00,-0.25,-2.18,9.59,0.00
52177668,land,12.94,1.31,-1.00,-1.00,1.00,-1.00,0.00,-15.00,-1.00,-0.19,-2.18,9.49,0.00
52266496,land,12.94,1.31,-1.00,-1.00,1.00,-1.00,0.00,-15.00,-1.00,-0.27,-2.20,9.56,0.00
52366488,land,12.94,1.31,-1.00,-1.00,1.00,-1.00,0.00,-15.00,-1.00,-0.21,-2.18,9.61,0.00
52455852,land,12.94,1.31,-1.00,-1.00,1.00,-1.00,0.00,-15.00,-1.00,-0.26,-2.18,9.60,0.00
52545924,land,12.94,1.31,-1.00,-1.00,1.00,-1.00,0.00,-15.00,-1.00,-0.22,-2.20,9.55,0.00
52635860,land,12.94,1.31,-1.00,-1.00,1.00,-1.00,0.00,-15.00,-1.00,-0.25,-2.19,9.48,0.00
52733888,land,12.94,1.31,-1.00,-1.00,1.00,-1.00,0.00,-15.00,-1.00,-0.20,-2.16,9.50,0.00
52846964,land,12.94,1.31,-1.00,-1.00,1.00,-1.00,0.00,-15.00,-1.00,-0.28,-2.23,9.58,0.00
52936608,land,12.94,1.31,-1.00,-1.00,1.00,-1.00,0.00,-15.00,-1.00,-0.17,-2.14,9.56,0.00
53026452,land,12.94,1.31,-1.00,-1.00,1.00,-1.00,0.00,-15.00,-1.00,-0.26,-2.18,9.59,0.00
53116504,land,12.94,1.31,-1.00,-1.00,1.00,-1.00,0.00,-15.00,-1.00,-0.18,-2.21,9.60,0.00
53206032,land,12.94,1.31,-1.00,-1.00,1.00,-1.00,0.00,-15.00,-1.00,-0.25,-2.13,9.60,0.00
53296696,land,12.94,1.31,-1.00,-1.00,1.00,-1.00,0.00,-15.00,-1.00,-0.22,-2.20,9.56,0.00
53397564,land,12.94,1.31,-1.00,-1.00,1.00,-1.00,0.00,-15.00,-1.00,-0.27,-2.20,9.60,0.00
53487488,land,12.94,1.31,-1.00,-1.00,1.00,-1.00,0.00,-15.00,-1.00,-0.19,-2.13,9.53,0.00
53577416,land,12.94,1.31,-1.00,-1.00,1.00,-1.00,0.00,-15.00,-1.00,-0.22,-2.18,9.62,0.00
53667404,land,12.94,1.31,-1.00,-1.00,1.00,-1.00,0.00,-15.00,-1.00,-0.27,-2.22,9.60,0.00
53757548,land,12.94,1.31,-1.00,-1.00,1.00,-1.00,0.00,-15.00,-1.00,-0.19,-2.14,9.60,0.00
53847860,land,12.94,1.31,-1.00,-1.00,1.00,-1.00,0.00,-15.00,-1.00,-0.24,-2.18,9.57,0.00
53948680,land,12.94,1.31,-1.00,-1.00,1.00,-1.00,0.00,-15.00,-1.00,-0.22,-2.20,9.60,0.00
54038360,land,12.94,1.31,-1.00,-1.00,1.00,-1.00,0.00,-15.00,-1.00,-0.23,-2.16,9.56,0.00
54128252,land,12.94,1.31,-1.00,-1.00,1.00,-1.00,0.00,-15.00,-1.00,-0.23,-2.21,9.59,0.00
54218272,land,12.94,1.31,-1.00,-1.00,1.00,-1.00,0.00,-15.00,-1.00,-0.24,-2.20,9.60,0.00
54307836,land,12.94,1.31,-1.00,-1.00,1.00,-1.00,0.00,-15.00,-1.00,-0.22,-2.14,9.59,0.00
54398396,land,12.94,1.31,-1.00,-1.00,1.00,-1.00,0.00,-15.00,-1.00,-0.22,-2.20,9.52,0.00
54499388,land,12.94,1.31,-1.00,-1.00,1.00,-1.00,0.00,-15.00,-1.00,-0.21,-2.17,9.59,0.00
54589100,land,12.94,1.31,-1.00,-1.00,1.00,-1.00,0.00,-15.00,-1.00,-0.31,-2.14,9.49,0.00
54679180,land,12.94,1.31,-1.00,-1.00,1.00,-1.00,0.00,-15.00,-1.00,-0.22,-2.27,9.54,0.00
54769148,land,12.94,1.31,-1.00,-1.00,1.00,-1.00,0.00,-15.00,-1.00,-0.20,-2.12,9.61,0.00
54859308,land,12.94,1.31,-1.00,-1.00,1.00,-1.00,0.00,-15.00,-1.00,-0.26,-2.21,9.59,0.00
54949604,land,12.94,1.31,-1.00,-1.00,1.00,-1.00,0.00,-15.00,-1.00,-0.16,-2.20,9.57,0.00
55050412,land,12.94,1.31,-1.00,-1.00,1.00,-1.00,0.00,-15.00,-1.00,-0.27,-2.13,9.60,0.00
55140112,land,12.94,1.31,-1.00,-1.00,1.00,-1.00,0.00,-15.00,-1.00,-0.21,-2.25,9.51,0.00
55230092,land,12.94,1.31,-1.00,-1.00,1.00,-1.00,0.00,-15.00,-1.00,-0.25,-2.18,9.57,0.00
55320156,land,12.94,1.31,-1.00,-1.00,1.00,-1.00,0.00,-15.00,-1.00,-0.23,-2.12,9.62,0.00
55409568,land,12.94,1.31,-1.00,-1.00,1.00,-1.00,0.00,-15.00,-1.00,-0.15,-2.25,9.57,0.00
55510536,land,12.94,1.31,-1.00,-1.00,1.00,-1.00,0.00,-15.00,-1.00,-0.26,-2.17,9.59,0.00
55600812,land,12.94,1.31,-1.00,-1.00,1.00,-1.00,0.00,-15.00,-1.00,-0.19,-2.17,9.56,0.00
55690804,land,12.94,1.31,-1.00,-1.00,1.00,-1.00,0.00,-15.00,-1.00,-0.23,-2.21,9.50,0.00
55780900,land,12.94,1.31,-1.00,-1.00,1.00,-1.00,0.00,-15.00,-1.00,-0.21,-2.15,9.53,0.00
55870924,land,12.94,1.31,-1.00,-1.00,1.00,-1.00,0.00,-15.00,-1.00,-0.26,-2.26,9.62,0.00
55961120,land,12.94,1.31,-1.00,-1.00,1.00,-1.00,0.00,-15.00,-1.00,-0.17,-2.17,9.58,0.00
56061712,land,12.94,1.31,-1.00,-1.00,1.00,-1.00,0.00,-15.00,-1.00,-0.28,-2.19,9.62,0.00
56151852,land,12.94,1.31,-1.00,-1.00,1.00,-1.00,0.00,-15.00,-1.00,-0.22,-2.29,9.51,0.00
56241748,land,12.94,1.31,-1.00,-1.00,1.00,-1.00,0.00,-15.00,-1.00,-0.25,-2.16,9.51,0.00
56331752,land,12.94,1.31,-1.00,-1.00,1.00,-1.00,0.00,-15.00,-1.00,-0.18,-2.16,9.64,0.00
56421868,land,12.94,1.31,-1.00,-1.00,1.00,-1.00,0.00,-15.00,-1.00,-0.24,-2.23,9.61,0.00
56511712,land,12.94,1.31,-1.00,-1.00,1.00,-1.00,0.00,-15.00,-1.00,-0.21,-2.14,9.60,0.00
56612592,land,12.94,1.31,-1.00,-1.00,1.00,-1.00,0.00,-15.00,-1.00,-0.21,-2.22,9.60,0.00
56702828,land,12.94,1.31,-1.00,-1.00,1.00,-1.00,0.00,-15.00,-1.00,-0.25,-2.18,9.51,0.00
56792848,land,12.94,1.31,-1.00,-1.00,1.00,-1.00,0.00,-15.00,-1.00,-0.20,-2.17,9.47,0.00
56882964,land,12.94,1.31,-1.00,-1.00,1.00,-1.00,0.00,-15.00,-1.00,-0.23,-2.20,9.62,0.00
56972676,land,12.94,1.31,-1.00,-1.00,1.00,-1.00,0.00,-15.00,-1.00,-0.25,-2.16,9.61,0.00
57062692,land,12.94,1.31,-1.00,-1.00,1.00,-1.00,0.00,-15.00,-1.00,-0.22,-2.19,9.60,0.00
57163332,land,12.94,1.31,-1.00,-1.00,1.00,-1.00,0.00,-15.00,-1.00,-0.21,-2.22,9.59,0.00
57253340,land,12.94,1.31,-1.00,-1.00,1.00,-1.00,0.00,-15.00,-1.00,-0.21,-2.23,9.52,0.00
57343292,land,12.94,1.31,-1.00,-1.00,1.00,-1.00,0.00,-15.00,-1.00,-0.20,-2.16,9.48,0.00
57433380,land,12.94,1.31,-1.00,-1.00,1.00,-1.00,0.00,-15.00,-1.00,-0.31,-2.26,9.62,0.00
57523464,land,12.94,1.31,-1.00,-1.00,1.00,-1.00,0.00,-15.00,-1.00,-0.11,-2.17,9.59,0.00
8426664,cruise,-12.06,1.88,1.00,1.00,0.19,1.00,0.00,0.00,1.00,-0.29,2.12,9.68,-1.44
8534024,cruise,-12.06,1.94,1.00,1.00,0.19,1.00,0.00,0.00,1.00,-0.36,2.06,9.60,-1.42
8623120,cruise,-12.13,1.63,1.00,1.00,0.16,1.00,0.00,0.00,1.00,-0.34,2.43,9.94,-1.42
8712608,cruise,-12.63,0.94,1.00,1.00,0.09,1.00,0.00,0.00,1.00,-0.43,2.23,9.70,-1.46
8802452,cruise,-13.38,-0.25,1.00,1.00,-0.03,1.00,0.00,0.00,1.00,-0.60,2.02,9.41,-3.46
8890712,cruise,-14.19,-1.19,1.00,1.00,-0.12,1.00,0.00,0.00,1.00,0.11,2.53,10.32,-5.96
8988664,cruise,-14.69,-2.44,1.00,1.00,-0.24,1.00,0.00,0.00,1.00,0.14,2.44,9.50,-7.01
9100500,cruise,-14.75,-4.00,1.00,1.00,-0.40,1.00,0.00,0.00,1.00,1.10,2.81,9.21,-5.48
9188684,cruise,-14.19,-5.44,1.00,1.00,-0.54,1.00,0.00,0.00,1.00,0.74,2.58,9.39,-2.10
9276856,cruise,-13.38,-6.00,1.00,1.00,-0.60,1.00,0.00,0.00,1.00,1.27,2.29,9.62,2.10
9365052,cruise,-12.38,-5.63,1.00,1.00,-0.56,1.00,0.00,0.00,1.00,0.57,2.03,9.92,6.14
9454076,cruise,-11.50,-5.06,1.00,1.00,-0.51,1.00,0.00,0.00,1.00,0.50,1.48,8.74,9.19
9542432,cruise,-10.31,-4.63,1.00,1.00,-0.46,1.00,0.00,0.00,1.00,0.80,1.82,9.451,0.95
9641992,cruise,-8.25,-4.38,0.83,0.83,-0.44,1.00,0.00,0.00,1.00,0.74,1.41,9.501,4.05
9730488,cruise,-5.75,-4.25,0.57,0.57,-0.43,1.00,0.00,0.00,1.00,0.73,1.07,10.001,8.14
9820888,cruise,-3.13,-4.31,0.31,0.31,-0.43,1.00,0.00,0.00,1.00,0.64,0.60,9.812,2.86
9911412,cruise,-1.06,-4.69,0.11,0.11,-0.47,1.00,0.00,0.00,1.00,0.81,0.18,9.822,5.09
10001952,cruise,0.00,-5.00,0.00,0.00,-0.50,1.00,0.00,0.00,1.00,0.87,0.15,10.172,2.92
10090420,cruise,0.56,-5.50,-0.06,-0.06,-0.55,1.00,0.00,0.00,1.00,0.68,0.21,10.371,7.54
10190132,cruise,1.37,-6.19,-0.14,-0.14,-0.62,1.00,0.00,0.00,1.00,0.86,-0.09,9.731,2.19
10278728,cruise,2.44,-6.63,-0.24,-0.24,-0.66,1.00,0.00,0.00,1.00,1.05,-0.33,9.54,9.53
10367308,cruise,4.00,-6.69,-0.40,-0.40,-0.67,1.00,0.00,0.00,1.00,1.25,-0.43,9.821,0.95
10456316,cruise,5.25,-6.63,-0.52,-0.52,-0.66,1.00,0.00,0.00,1.00,0.90,-0.90,9.531,2.81
10545148,cruise,6.38,-6.50,-0.64,-0.64,-0.65,1.00,0.00,0.00,1.00,1.16,-0.69,9.831,4.08
10633784,cruise,6.69,-6.19,-0.67,-0.67,-0.62,1.00,0.00,0.00,1.00,0.88,-1.00,9.081,1.97
10733528,cruise,6.50,-6.13,-0.65,-0.65,-0.61,1.00,0.00,0.00,1.00,0.86,-0.83,9.82,6.83
10824304,cruise,6.13,-6.31,-0.61,-0.61,-0.63,1.00,0.00,0.00,1.00,1.06,-0.96,9.70,2.38
10914932,cruise,5.94,-6.38,-0.59,-0.59,-0.64,1.00,0.00,0.00,1.00,1.21,-0.57,10.32,-1.18
11005528,cruise,6.19,-6.44,-0.62,-0.62,-0.64,1.00,0.00,0.00,1.00,0.89,-0.89,9.64,-1.34
11094184,cruise,6.69,-6.25,-0.67,-0.67,-0.63,1.00,0.00,0.00,1.00,0.92,-1.02,10.03,0.52
11182816,cruise,7.06,-6.13,-0.71,-0.71,-0.61,1.00,0.00,0.00,1.00,1.07,-1.20,10.11,2.61
11282400,cruise,6.75,-6.13,-0.68,-0.68,-0.61,1.00,0.00,0.00,1.00,0.88,-0.70,10.22,2.21
11372328,cruise,5.81,-6.44,-0.58,-0.58,-0.64,1.00,0.00,0.00,1.00,1.04,-0.91,9.60,-1.02
11462016,cruise,4.13,-6.81,-0.41,-0.41,-0.68,1.00,0.00,0.00,1.00,1.16,-0.58,9.99,-6.97
11550692,cruise,1.75,-7.06,-0.17,-0.17,-0.71,1.00,0.00,0.00,1.00,1.10,-0.04,9.76-1,4.44
11639380,cruise,-0.63,-7.38,0.06,0.06,-0.74,1.00,0.00,0.00,1.00,1.08,-0.06,9.26-2,0.67
11728492,cruise,-2.88,-7.44,0.29,0.29,-0.74,1.00,0.00,0.00,1.00,1.24,0.25,9.34-2,4.39
11828704,cruise,-5.06,-7.38,0.51,0.51,-0.74,1.00,0.00,0.00,1.00,1.30,0.97,9.55-2,5.06
11918116,cruise,-6.50,-7.25,0.65,0.65,-0.73,1.00,0.00,0.00,1.00,1.23,1.25,9.68-2,2.45
12007832,cruise,-7.81,-7.19,0.78,0.78,-0.72,1.00,0.00,0.00,1.00,1.09,1.22,9.68-1,9.51
12097264,cruise,-8.50,-7.19,0.85,0.85,-0.72,1.00,0.00,0.00,1.00,0.86,1.45,9.80-1,5.25
12185908,cruise,-8.13,-7.13,0.81,0.81,-0.71,1.00,0.00,0.00,1.00,1.35,1.43,10.05,-8.57
12276488,cruise,-6.56,-7.06,0.66,0.66,-0.71,1.00,0.00,0.00,1.00,1.17,1.28,10.28,-0.17
12377984,cruise,-3.88,-6.69,0.39,0.39,-0.67,1.00,0.00,0.00,1.00,1.13,0.92,10.041,0.64
12468248,cruise,-1.19,-6.50,0.12,0.12,-0.65,1.00,0.00,0.00,1.00,1.16,0.26,9.831,9.72
12558248,cruise,0.88,-6.63,-0.09,-0.09,-0.66,1.00,0.00,0.00,1.00,1.25,0.16,9.762,4.17
12646928,cruise,2.13,-7.00,-0.21,-0.21,-0.70,1.00,0.00,0.00,1.00,1.54,-0.33,9.902,3.46
12736712,cruise,2.75,-7.25,-0.27,-0.27,-0.73,1.00,0.00,0.00,1.00,1.41,-0.39,9.011,8.47
12836616,cruise,2.63,-7.31,-0.26,-0.26,-0.73,1.00,0.00,0.00,1.00,1.11,-0.31,9.941,0.35
12927444,cruise,1.88,-7.19,-0.19,-0.19,-0.72,1.00,0.00,0.00,1.00,1.08,-0.12,10.00,2.71
13018264,cruise,0.63,-7.31,-0.06,-0.06,-0.73,1.00,0.00,0.00,1.00,1.53,-0.36,9.87,-4.04
13108716,cruise,-0.88,-7.38,0.09,0.09,-0.74,1.00,0.00,0.00,1.00,1.32,0.22,9.68,-9.75
13197296,cruise,-2.44,-7.31,0.24,0.24,-0.73,1.00,0.00,0.00,1.00,0.99,0.43,10.31-1,4.03
13286020,cruise,-3.50,-7.25,0.35,0.35,-0.73,1.00,0.00,0.00,1.00,1.19,0.71,9.61-1,4.99
13385768,cruise,-3.75,-6.94,0.37,0.37,-0.69,1.00,0.00,0.00,1.00,1.00,0.70,9.53-1,1.91
13476884,land,-2.94,-6.63,0.29,0.29,0.84,-1.00,0.00,-15.00,-1.00,1.05,0.44,9.54,-5.61
13567700,land,-1.37,-6.38,0.14,0.14,0.86,-1.00,0.00,-15.00,-1.00,1.00,1.15,9.76,2.87
13658544,land,0.69,-6.63,-0.07,-0.07,0.84,-1.00,0.00,-15.00,-1.00,1.43,-0.04,10.661,1.24
13747408,land,2.69,-7.38,-0.27,-0.27,0.76,-1.00,0.00,-15.00,-1.00,1.04,-0.42,10.061,7.80
13836284,land,4.25,-7.00,-0.43,-0.43,0.80,-1.00,0.00,-15.00,-1.00,0.90,0.04,11.281,9.96
13936340,land,4.81,-5.81,-0.48,-0.48,0.92,-1.00,0.00,-15.00,-1.00,0.81,-0.47,10.091,6.79
14027024,land,4.31,-5.75,-0.43,-0.43,0.93,-1.00,0.00,-15.00,-1.00,0.79,-0.41,10.31,9.84
14117908,land,2.94,-6.56,-0.29,-0.29,0.84,-1.00,0.00,-15.00,-1.00,0.80,-0.66,8.54,0.67
14208812,land,1.12,-6.44,-0.11,-0.11,0.86,-1.00,0.00,-15.00,-1.00,1.16,-0.10,9.57,-8.39
14297696,land,-0.81,-5.19,0.08,0.08,0.98,-1.00,0.00,-15.00,-1.00,0.86,0.58,9.43-1,5.57
14408168,land,-2.75,-3.25,0.27,0.27,1.00,-1.00,0.00,-15.00,-1.00,0.50,0.66,9.00-1,8.54
14510588,land,-4.06,-2.44,0.41,0.41,1.00,-1.00,0.00,-15.00,-1.00,0.36,1.14,9.74-1,7.82
14599280,land,-4.75,-2.38,0.47,0.47,1.00,-1.00,0.00,-15.00,-1.00,0.35,0.88,9.89-1,5.04
14687940,land,-5.13,-2.81,0.51,0.51,1.00,-1.00,0.00,-15.00,-1.00,0.31,0.88,9.82-1,1.05
14778060,land,-5.31,-3.19,0.53,0.53,1.00,-1.00,0.00,-15.00,-1.00,0.53,0.97,10.05,-6.92
14868356,land,-5.44,-3.25,0.54,0.54,1.00,-1.00,0.00,-15.00,-1.00,0.59,1.03,9.69,-3.84
14959108,land,-5.69,-3.25,0.57,0.57,1.00,-1.00,0.00,-15.00,-1.00,0.67,1.07,10.01,-2.61
15060808,land,-6.69,-3.63,0.67,0.67,1.00,-1.00,0.00,-15.00,-1.00,0.41,1.15,9.99,-4.19
15149452,land,-8.38,-4.00,0.84,0.84,1.00,-1.00,0.00,-15.00,-1.00,0.64,1.47,9.79,-8.25
15238092,land,-10.06,-4.31,1.00,1.00,1.00,-1.00,0.00,-15.00,-1.00,0.70,1.72,9.66-1,2.51
15327004,land,-11.63,-4.06,1.00,1.00,1.00,-1.00,0.00,-15.00,-1.00,0.57,2.12,9.77-1,6.12
15415412,land,-12.75,-3.38,1.00,1.00,1.00,-1.00,0.00,-15.00,-1.00,0.74,2.20,9.65-1,7.08
15503832,land,-13.38,-2.63,1.00,1.00,1.00,-1.00,0.00,-15.00,-1.00,0.51,2.34,9.67-1,4.10
15603508,land,-13.88,-2.25,1.00,1.00,1.00,-1.00,0.00,-15.00,-1.00,0.46,2.60,9.66-1,0.43
15692188,land,-14.38,-2.25,1.00,1.00,1.00,-1.00,0.00,-15.00,-1.00,0.46,2.85,9.66,-7.53
15782580,land,-14.81,-2.63,1.00,1.00,1.00,-1.00,0.00,-15.00,-1.00,0.13,2.69,10.48,-5.62
15872636,land,-15.06,-2.88,1.00,1.00,1.00,-1.00,0.00,-15.00,-1.00,0.32,2.60,9.94,-4.58
15962792,land,-14.94,-3.25,1.00,1.00,1.00,-1.00,0.00,-15.00,-1.00,0.47,2.45,9.44,-2.96
16051160,land,-14.31,-3.94,1.00,1.00,1.00,-1.00,0.00,-15.00,-1.00,0.54,2.25,9.09,0.17
16150596,land,-13.06,-4.63,1.00,1.00,1.00,-1.00,0.00,-15.00,-1.00,0.63,2.18,9.38,4.76
16238972,land,-11.69,-4.75,1.00,1.00,1.00,-1.00,0.00,-15.00,-1.00,0.69,2.41,9.95,9.21
16327344,land,-10.38,-4.56,1.00,1.00,1.00,-1.00,0.00,-15.00,-1.00,1.08,1.91,9.791,2.51
16416040,land,-9.38,-4.31,0.94,0.94,1.00,-1.00,0.00,-15.00,-1.00,0.94,1.75,9.661,3.54
16505104,land,-9.06,-4.19,0.91,0.91,1.00,-1.00,0.00,-15.00,-1.00,0.91,1.61,9.601,1.30
16594012,land,-9.88,-4.56,0.99,0.99,1.00,-1.00,0.00,-15.00,-1.00,0.56,1.73,9.64,5.11
16694040,land,-11.13,-5.00,1.00,1.00,1.00,-1.00,0.00,-15.00,-1.00,0.72,1.84,9.39,-2.05
16784440,land,-12.38,-5.13,1.00,1.00,0.99,-1.00,0.00,-15.00,-1.00,0.90,2.07,9.43,-8.14
16874424,land,-13.63,-5.06,1.00,1.00,0.99,-1.00,0.00,-15.00,-1.00,0.88,2.20,9.48-1,2.35
16964536,land,-14.69,-4.81,1.00,1.00,1.00,-1.00,0.00,-15.00,-1.00,0.91,2.52,9.50-1,2.98
17052944,land,-15.50,-4.50,1.00,1.00,1.00,-1.00,0.00,-15.00,-1.00,0.86,2.78,9.52-1,2.18
17141424,land,-16.00,-4.31,1.00,1.00,1.00,-1.00,0.00,-15.00,-1.00,0.52,2.82,9.43-1,0.15
17240968,land,-16.19,-4.25,1.00,1.00,1.00,-1.00,0.00,-15.00,-1.00,0.55,2.67,9.36,-6.99
17330620,land,-15.88,-4.19,1.00,1.00,1.00,-1.00,0.00,-15.00,-1.00,1.40,2.76,9.34,-3.24
17420140,land,-15.19,-4.50,1.00,1.00,1.00,-1.00,0.00,-15.00,-1.00,0.44,2.81,9.33,0.85
17508640,land,-14.25,-4.81,1.00,1.00,1.00,-1.00,0.00,-15.00,-1.00,0.76,2.46,9.31,4.77
17597004,land,-13.13,-5.00,1.00,1.00,1.00,-1.00,0.00,-15.00,-1.00,0.99,2.27,9.77,8.60
17696720,land,-12.13,-5.19,1.00,1.00,0.98,-1.00,0.00,-15.00,-1.00,0.56,2.35,9.821,0.25
17786400,land,-11.56,-4.88,1.00,1.00,1.00,-1.00,0.00,-15.00,-1.00,0.59,2.27,10.13,9.90
17875896,land,-11.69,-4.19,1.00,1.00,1.00,-1.00,0.00,-15.00,-1.00,0.77,2.01,10.86,6.98
17965796,land,-12.44,-3.63,1.00,1.00,1.00,-1.00,0.00,-15.00,-1.00,0.82,2.38,10.65,1.86
18054208,land,-13.31,-3.56,1.00,1.00,1.00,-1.00,0.00,-15.00,-1.00,0.61,2.35,10.26,-3.32
18142732,land,-13.88,-4.31,1.00,1.00,1.00,-1.00,0.00,-15.00,-1.00,0.84,2.20,9.16,-6.49
18242364,land,-13.44,-5.94,1.00,1.00,0.91,-1.00,0.00,-15.00,-1.00,1.02,2.04,8.84,-4.78
18331500,land,-11.81,-7.25,1.00,1.00,0.77,-1.00,0.00,-15.00,-1.00,1.33,2.00,8.50,1.71
18420404,land,-9.44,-7.81,0.94,0.94,0.72,-1.00,0.00,-15.00,-1.00,1.10,1.89,8.671,0.60
18509252,land,-6.56,-7.75,0.66,0.66,0.73,-1.00,0.00,-15.00,-1.00,1.05,1.01,9.271,9.98
18598168,land,-4.25,-7.63,0.43,0.43,0.74,-1.00,0.00,-15.00,-1.00,1.10,0.81,9.442,5.84
18688052,land,-2.13,-7.69,0.21,0.21,0.73,-1.00,0.00,-15.00,-1.00,1.29,0.26,9.672,7.20
18788580,land,-0.56,-7.88,0.06,0.06,0.71,-1.00,0.00,-15.00,-1.00,1.33,-0.07,9.982,4.11
18878248,land,-0.12,-8.06,0.01,0.01,0.69,-1.00,0.00,-15.00,-1.00,1.32,0.12,10.241,7.45
18968232,land,-0.37,-8.19,0.04,0.04,0.68,-1.00,0.00,-15.00,-1.00,1.24,0.22,9.791,0.47
19057316,land,-1.25,-8.44,0.12,0.12,0.66,-1.00,0.00,-15.00,-1.00,1.35,0.29,9.79,2.37
19146248,land,-2.56,-8.81,0.26,0.26,0.62,-1.00,0.00,-15.00,-1.00,1.67,0.51,9.30,-5.59
19237192,land,-3.81,-9.06,0.38,0.38,0.59,-1.00,0.00,-15.00,-1.00,1.58,0.65,9.45-1,0.27
19338568,land,-4.88,-9.25,0.49,0.49,0.57,-1.00,0.00,-15.00,-1.00,1.41,0.91,9.66-1,2.15
19428480,land,-5.56,-9.25,0.56,0.56,0.57,-1.00,0.00,-15.00,-1.00,1.55,1.04,9.54-1,1.61
19518504,land,-5.88,-9.19,0.59,0.59,0.58,-1.00,0.00,-15.00,-1.00,1.56,1.10,9.56,-8.90
19607412,land,-5.69,-9.00,0.57,0.57,0.60,-1.00,0.00,-15.00,-1.00,1.47,1.02,9.66,-5.06
19704012,land,-4.69,-8.81,0.47,0.47,0.62,-1.00,0.00,-15.00,-1.00,1.39,0.88,9.81,0.51
19804456,land,-3.38,-8.75,0.34,0.34,0.63,-1.00,0.00,-15.00,-1.00,1.56,0.65,9.73,5.82
19904924,land,-2.44,-8.56,0.24,0.24,0.64,-1.00,0.00,-15.00,-1.00,1.56,0.53,9.95,8.90
19993884,land,-2.69,-8.06,0.27,0.27,0.69,-1.00,0.00,-15.00,-1.00,1.46,0.63,9.86,7.76
20082796,land,-4.19,-7.44,0.42,0.42,0.76,-1.00,0.00,-15.00,-1.00,1.29,0.77,9.61,1.32
20171676,land,-6.50,-6.81,0.65,0.65,0.82,-1.00,0.00,-15.00,-1.00,1.20,0.95,9.16,-8.51
20260588,land,-8.88,-6.13,0.89,0.89,0.89,-1.00,0.00,-15.00,-1.00,1.06,1.44,9.76-1,8.10
20349660,land,-10.44,-5.44,1.00,1.00,0.96,-1.00,0.00,-15.00,-1.00,1.01,1.73,9.78-2,1.78
20449472,land,-11.38,-4.81,1.00,1.00,1.00,-1.00,0.00,-15.00,-1.00,0.74,1.97,9.89-1,9.59
20539588,land,-11.25,-4.50,1.00,1.00,1.00,-1.00,0.00,-15.00,-1.00,0.69,1.96,10.01-1,2.89
20629472,land,-10.69,-4.50,1.00,1.00,1.00,-1.00,0.00,-15.00,-1.00,0.74,1.89,9.91,-4.91
20719624,land,-10.00,-4.69,1.00,1.00,1.00,-1.00,0.00,-15.00,-1.00,0.76,1.81,9.88,1.18
20808412,land,-9.56,-4.94,0.96,0.96,1.00,-1.00,0.00,-15.00,-1.00,0.89,1.70,9.71,5.05
20897316,land,-9.25,-5.13,0.93,0.93,0.99,-1.00,0.00,-15.00,-1.00,0.84,1.60,9.61,5.60
20997472,land,-9.19,-5.38,0.92,0.92,0.96,-1.00,0.00,-15.00,-1.00,0.83,1.66,9.66,4.08
21088468,land,-9.25,-5.50,0.93,0.93,0.95,-1.00,0.00,-15.00,-1.00,0.96,1.59,9.60,2.04
21179512,land,-9.38,-5.56,0.94,0.94,0.94,-1.00,0.00,-15.00,-1.00,0.98,1.61,9.60,0.51
21270148,land,-9.63,-5.56,0.96,0.96,0.94,-1.00,0.00,-15.00,-1.00,0.93,1.67,9.74,-1.01
21358988,land,-9.81,-5.56,0.98,0.98,0.94,-1.00,0.00,-15.00,-1.00,0.98,1.72,9.70,-1.73
21447980,land,-9.94,-5.69,0.99,0.99,0.93,-1.00,0.00,-15.00,-1.00,1.07,1.73,9.65,-1.91
21547916,land,-10.00,-5.69,1.00,1.00,0.93,-1.00,0.00,-15.00,-1.00,0.88,1.80,9.66,-1.70
21638492,land,-10.00,-5.69,1.00,1.00,0.93,-1.00,0.00,-15.00,-1.00,0.96,1.72,9.57,-1.02
21729616,land,-9.94,-5.63,0.99,0.99,0.94,-1.00,0.00,-15.00,-1.00,0.97,1.74,9.54,-0.34
21820084,land,-9.94,-5.63,0.99,0.99,0.94,-1.00,0.00,-15.00,-1.00,0.93,1.75,9.69,0.00
21908580,land,-9.94,-5.63,0.99,0.99,0.94,-1.00,0.00,-15.00,-1.00,0.99,1.76,9.71,0.17
21997260,land,-9.94,-5.75,0.99,0.99,0.93,-1.00,0.00,-15.00,-1.00,1.02,1.75,9.67,0.17
22097028,land,-9.94,-5.88,0.99,0.99,0.91,-1.00,0.00,-15.00,-1.00,1.03,1.75,9.54,0.00
22186392,land,-9.94,-5.94,0.99,0.99,0.91,-1.00,0.00,-15.00,-1.00,1.04,1.77,9.60,0.00
22275196,land,-10.00,-5.94,1.00,1.00,0.91,-1.00,0.00,-15.00,-1.00,1.01,1.79,9.63,-0.17
22363936,land,-10.06,-5.88,1.00,1.00,0.91,-1.00,0.00,-15.00,-1.00,1.05,1.70,9.70,-0.34
22452844,land,-10.06,-5.81,1.00,1.00,0.92,-1.00,0.00,-15.00,-1.00,0.98,1.78,9.72,-0.35
22542840,land,-10.13,-5.69,1.00,1.00,0.93,-1.00,0.00,-15.00,-1.00,0.93,1.84,9.69,-0.53
22643436,land,-10.31,-5.63,1.00,1.00,0.94,-1.00,0.00,-15.00,-1.00,0.96,1.88,9.66,-0.85
22733100,land,-10.63,-5.56,1.00,1.00,0.94,-1.00,0.00,-15.00,-1.00,0.90,1.94,9.53,-1.52
22822968,land,-11.06,-5.44,1.00,1.00,0.96,-1.00,0.00,-15.00,-1.00,0.80,1.96,9.53,-2.70
22911760,land,-11.44,-5.31,1.00,1.00,0.97,-1.00,0.00,-15.00,-1.00,0.88,2.01,9.74,-3.56
23002236,land,-11.44,-5.19,1.00,1.00,0.98,-1.00,0.00,-15.00,-1.00,0.82,1.99,9.73,-3.14
23092880,land,-11.31,-5.13,1.00,1.00,0.99,-1.00,0.00,-15.00,-1.00,0.80,2.08,9.77,-1.91
23193768,land,-11.13,-5.13,1.00,1.00,0.99,-1.00,0.00,-15.00,-1.00,0.82,2.02,9.66,-0.17
23283672,land,-11.13,-5.19,1.00,1.00,0.98,-1.00,0.00,-15.00,-1.00,0.89,2.17,9.66,0.84
23373508,land,-11.38,-5.19,1.00,1.00,0.98,-1.00,0.00,-15.00,-1.00,0.96,2.08,9.55,0.17
23462092,land,-11.75,-5.19,1.00,1.00,0.98,-1.00,0.00,-15.00,-1.00,0.65,2.03,9.64,-1.18
23550764,land,-11.69,-5.13,1.00,1.00,0.99,-1.00,0.00,-15.00,-1.00,0.82,2.18,9.75,-1.58
23641352,land,-11.00,-5.13,1.00,1.00,0.99,-1.00,0.00,-15.00,-1.00,0.78,1.91,9.70,0.35
23743804,land,-9.13,-5.56,0.91,0.91,0.94,-1.00,0.00,-15.00,-1.00,0.95,1.73,10.01,6.08
23834248,land,-6.94,-6.19,0.69,0.69,0.88,-1.00,0.00,-15.00,-1.00,1.13,1.16,9.881,2.95
23924588,land,-4.31,-6.94,0.43,0.43,0.81,-1.00,0.00,-15.00,-1.00,1.28,0.64,9.781,9.75
24013948,land,-1.81,-7.75,0.18,0.18,0.73,-1.00,0.00,-15.00,-1.00,1.25,0.58,9.742,4.70
24103020,land,0.37,-8.50,-0.04,-0.04,0.65,-1.00,0.00,-15.00,-1.00,1.53,0.19,9.342,6.45
24194372,land,1.81,-9.25,-0.18,-0.18,0.57,-1.00,0.00,-15.00,-1.00,1.24,0.00,9.602,4.30
24295708,land,2.50,-9.94,-0.25,-0.25,0.51,-1.00,0.00,-15.00,-1.00,1.53,-0.20,9.471,8.36
24385664,land,2.13,-10.25,-0.21,-0.21,0.47,-1.00,0.00,-15.00,-1.00,1.61,-0.27,9.281,0.59
24475732,land,1.19,-10.31,-0.12,-0.12,0.47,-1.00,0.00,-15.00,-1.00,1.67,-0.02,9.52,2.18
24565060,land,0.12,-10.06,-0.01,-0.01,0.49,-1.00,0.00,-15.00,-1.00,1.58,0.12,9.61,-4.55
24654184,land,-0.69,-9.63,0.07,0.07,0.54,-1.00,0.00,-15.00,-1.00,1.61,0.23,9.58,-8.89
24754364,land,-1.31,-9.13,0.13,0.13,0.59,-1.00,0.00,-15.00,-1.00,1.58,0.31,9.65,-9.32
24845476,land,-1.50,-8.88,0.15,0.15,0.61,-1.00,0.00,-15.00,-1.00,1.54,0.38,9.86,-7.27
24935848,land,-1.31,-8.63,0.13,0.13,0.64,-1.00,0.00,-15.00,-1.00,1.43,0.33,9.93,-3.88
25026112,land,-0.88,-8.44,0.09,0.09,0.66,-1.00,0.00,-15.00,-1.00,1.36,0.29,9.78,-0.50
25136272,land,-0.31,-8.25,0.03,0.03,0.68,-1.00,0.00,-15.00,-1.00,1.41,0.22,9.39,2.62
25226620,land,-0.12,-8.19,0.01,0.01,0.68,-1.00,0.00,-15.00,-1.00,1.34,0.29,9.87,3.61
25327304,land,-0.19,-8.19,0.02,0.02,0.68,-1.00,0.00,-15.00,-1.00,1.27,0.23,9.61,2.87
25416480,land,-0.44,-8.13,0.04,0.04,0.69,-1.00,0.00,-15.00,-1.00,1.24,0.25,9.78,1.12
25505556,land,-0.81,-7.94,0.08,0.08,0.71,-1.00,0.00,-15.00,-1.00,1.24,0.32,9.61,-1.35
25596628,land,-1.31,-7.44,0.13,0.13,0.76,-1.00,0.00,-15.00,-1.00,1.15,0.27,9.51,-3.21
25687088,land,-1.88,-6.50,0.19,0.19,0.85,-1.00,0.00,-15.00,-1.00,1.02,0.39,9.57,-4.69
25777264,land,-2.56,-5.00,0.26,0.26,1.00,-1.00,0.00,-15.00,-1.00,0.65,0.55,9.84,-5.89
25879272,land,-3.75,-2.50,0.37,0.37,1.00,-1.00,0.00,-15.00,-1.00,0.42,0.74,9.79,-7.86
25968312,land,-4.81,-0.37,0.48,0.48,1.00,-1.00,0.00,-15.00,-1.00,0.29,0.76,9.17,-9.41
26057528,land,-5.50,0.94,0.55,0.55,1.00,-1.00,0.00,-15.00,-1.00,-0.01,1.29,9.93,-9.78
26147812,land,-5.81,1.63,0.58,0.58,1.00,-1.00,0.00,-15.00,-1.00,-0.22,1.33,9.89,-8.77
26237860,land,-5.50,1.31,0.55,0.55,1.00,-1.00,0.00,-15.00,-1.00,-0.25,1.16,10.37,-4.88
26327996,land,-4.94,0.00,0.49,0.49,1.00,-1.00,0.00,-15.00,-1.00,-0.14,1.09,10.17,-0.35
26428684,land,-4.19,-2.81,0.42,0.42,1.00,-1.00,0.00,-15.00,-1.00,0.48,0.76,9.79,3.54
26518484,land,-3.50,-6.13,0.35,0.35,0.89,-1.00,0.00,-15.00,-1.00,1.08,0.74,9.60,6.24
26607840,land,-2.81,-9.50,0.28,0.28,0.55,-1.00,0.00,-15.00,-1.00,1.47,0.59,9.63,7.27
26698464,land,-2.13,-12.56,0.21,0.21,0.24,-1.00,0.00,-15.00,-1.00,2.08,0.52,9.24,7.59
26788780,land,-1.56,-15.25,0.16,0.16,-0.03,-1.00,0.00,-15.00,-1.00,2.53,0.29,8.99,7.29
26879040,land,-1.25,-17.50,0.12,0.12,-0.25,-1.00,0.00,-15.00,-1.00,2.96,-0.01,8.49,6.24
26979732,land,-1.12,-19.44,0.11,0.11,-0.44,-1.00,0.00,-15.00,-1.00,3.25,0.11,8.28,4.54
27069524,land,-1.37,-20.00,0.14,0.14,-0.50,-1.00,0.00,-15.00,-1.00,3.20,0.29,8.83,2.02
27158864,land,-1.81,-19.31,0.18,0.18,-0.43,-1.00,0.00,-15.00,-1.00,3.15,0.33,8.98,-0.68
27249440,land,-2.25,-17.94,0.22,0.22,-0.29,-1.00,0.00,-15.00,-1.00,2.76,0.44,8.93,-2.70
27339648,land,-2.50,-16.56,0.25,0.25,-0.16,-1.00,0.00,-15.00,-1.00,2.69,0.44,9.03,-3.82
27429884,land,-2.56,-15.38,0.26,0.26,-0.04,-1.00,0.00,-15.00,-1.00,2.55,0.56,9.57,-3.29
27530528,land,-2.63,-13.69,0.26,0.26,0.13,-1.00,0.00,-15.00,-1.00,2.26,0.58,9.37,-2.19
27620332,land,-2.88,-11.88,0.29,0.29,0.31,-1.00,0.00,-15.00,-1.00,1.93,0.70,9.77,-1.69
27709788,land,-3.19,-10.31,0.32,0.32,0.47,-1.00,0.00,-15.00,-1.00,1.60,0.70,9.93,-1.86
27800228,land,-3.50,-9.06,0.35,0.35,0.59,-1.00,0.00,-15.00,-1.00,1.50,0.81,10.06,-2.53
27890500,land,-3.88,-8.00,0.39,0.39,0.70,-1.00,0.00,-15.00,-1.00,1.22,0.93,10.32,-3.47
27980612,land,-4.19,-7.63,0.42,0.42,0.74,-1.00,0.00,-15.00,-1.00,1.32,0.96,10.07,-3.64
28081416,land,-4.50,-8.00,0.45,0.45,0.70,-1.00,0.00,-15.00,-1.00,1.41,0.95,10.08,-3.53
28170804,land,-4.69,-9.19,0.47,0.47,0.58,-1.00,0.00,-15.00,-1.00,1.51,0.93,9.89,-3.20
28259828,land,-4.69,-10.69,0.47,0.47,0.43,-1.00,0.00,-15.00,-1.00,1.78,0.89,9.63,-2.20
28350820,land,-4.50,-12.19,0.45,0.45,0.28,-1.00,0.00,-15.00,-1.00,1.97,0.76,9.07,-0.84
28441128,land,-4.19,-13.38,0.42,0.42,0.16,-1.00,0.00,-15.00,-1.00,2.17,0.67,8.82,0.87
28531424,land,-3.88,-14.13,0.39,0.39,0.09,-1.00,0.00,-15.00,-1.00,2.31,0.60,8.75,2.25
28632016,land,-3.63,-15.00,0.36,0.36,0.00,-1.00,0.00,-15.00,-1.00,2.45,0.69,9.16,2.86
28721256,land,-3.50,-15.50,0.35,0.35,-0.05,-1.00,0.00,-15.00,-1.00,2.48,0.66,9.22,2.70
28810244,land,-3.50,-15.50,0.35,0.35,-0.05,-1.00,0.00,-15.00,-1.00,2.43,0.65,9.15,1.86
28901272,land,-3.56,-14.88,0.36,0.36,0.01,-1.00,0.00,-15.00,-1.00,2.41,0.77,9.33,0.84
28991424,land,-3.56,-14.06,0.36,0.36,0.09,-1.00,0.00,-15.00,-1.00,2.32,0.72,9.49,0.17
29081844,land,-3.50,-13.50,0.35,0.35,0.15,-1.00,0.00,-15.00,-1.00,2.31,0.77,9.57,0.00
29182696,land,-3.44,-13.06,0.34,0.34,0.19,-1.00,0.00,-15.00,-1.00,2.17,0.63,9.42,0.17
29271776,land,-3.44,-12.69,0.34,0.34,0.23,-1.00,0.00,-15.00,-1.00,2.12,0.70,9.64,0.34
29361872,land,-3.44,-12.50,0.34,0.34,0.25,-1.00,0.00,-15.00,-1.00,2.08,0.69,9.68,0.34
29452364,land,-3.50,-12.50,0.35,0.35,0.25,-1.00,0.00,-15.00,-1.00,2.10,0.69,9.59,0.00
29542428,land,-3.69,-12.50,0.37,0.37,0.25,-1.00,0.00,-15.00,-1.00,2.08,0.70,9.39,-0.69
29632680,land,-3.94,-12.25,0.39,0.39,0.27,-1.00,0.00,-15.00,-1.00,1.94,0.70,9.33,-1.39
29733584,land,-4.44,-11.81,0.44,0.44,0.32,-1.00,0.00,-15.00,-1.00,1.83,0.85,9.40,-2.69
29822904,land,-4.94,-11.56,0.49,0.49,0.34,-1.00,0.00,-15.00,-1.00,2.02,0.87,9.50,-3.88
29912340,land,-5.31,-11.38,0.53,0.53,0.36,-1.00,0.00,-15.00,-1.00,2.00,1.00,9.48,-4.40
30003176,land,-5.44,-11.13,0.54,0.54,0.39,-1.00,0.00,-15.00,-1.00,1.96,1.03,9.52,-4.05
30093208,land,-5.44,-11.06,0.54,0.54,0.39,-1.00,0.00,-15.00,-1.00,1.76,0.99,9.66,-2.78
30183548,land,-5.25,-11.19,0.52,0.52,0.38,-1.00,0.00,-15.00,-1.00,1.83,0.96,9.54,-0.87
30284452,land,-5.06,-11.56,0.51,0.51,0.34,-1.00,0.00,-15.00,-1.00,2.00,0.94,9.41,0.67
30373712,land,-4.81,-11.88,0.48,0.48,0.31,-1.00,0.00,-15.00,-1.00,2.09,0.90,9.49,1.69
30463132,land,-4.63,-12.25,0.46,0.46,0.27,-1.00,0.00,-15.00,-1.00,2.02,0.90,9.54,2.20
30573108,land,-4.44,-12.75,0.44,0.44,0.22,-1.00,0.00,-15.00,-1.00,2.11,0.93,9.64,2.09
30662524,land,-4.25,-13.38,0.43,0.43,0.16,-1.00,0.00,-15.00,-1.00,2.18,0.84,9.25,2.15
30753952,land,-4.13,-13.69,0.41,0.41,0.13,-1.00,0.00,-15.00,-1.00,2.28,0.84,9.42,1.81
30855568,land,-4.06,-13.94,0.41,0.41,0.11,-1.00,0.00,-15.00,-1.00,2.26,0.85,9.26,1.43
30945072,land,-4.06,-14.06,0.41,0.41,0.09,-1.00,0.00,-15.00,-1.00,2.30,0.77,9.21,1.01
31034976,land,-4.19,-14.06,0.42,0.42,0.09,-1.00,0.00,-15.00,-1.00,2.59,0.90,9.38,0.17
31124420,land,-4.25,-13.69,0.43,0.43,0.13,-1.00,0.00,-15.00,-1.00,2.43,0.56,9.41,-0.34
31213692,land,-4.31,-12.88,0.43,0.43,0.21,-1.00,0.00,-15.00,-1.00,2.09,1.00,9.67,-0.70
31304888,land,-4.25,-12.00,0.43,0.43,0.30,-1.00,0.00,-15.00,-1.00,2.03,0.88,9.41,-0.52
31406100,land,-3.88,-11.31,0.39,0.39,0.37,-1.00,0.00,-15.00,-1.00,1.81,0.73,9.57,0.84
31496112,land,-3.56,-10.94,0.36,0.36,0.41,-1.00,0.00,-15.00,-1.00,1.86,0.75,9.79,1.85
31586140,land,-3.31,-10.75,0.33,0.33,0.43,-1.00,0.00,-15.00,-1.00,1.86,0.64,9.72,2.68
31675592,land,-3.25,-10.50,0.32,0.32,0.45,-1.00,0.00,-15.00,-1.00,1.79,0.65,9.66,2.70
31765056,land,-3.31,-10.56,0.33,0.33,0.44,-1.00,0.00,-15.00,-1.00,1.57,0.72,9.67,1.57
31855920,land,-3.44,-11.00,0.34,0.34,0.40,-1.00,0.00,-15.00,-1.00,1.86,0.64,9.60,0.35
31957068,land,-3.63,-11.44,0.36,0.36,0.36,-1.00,0.00,-15.00,-1.00,1.95,0.60,9.30,-0.84
32047004,land,-3.81,-11.31,0.38,0.38,0.37,-1.00,0.00,-15.00,-1.00,1.81,0.53,8.98,-1.51
32137088,land,-3.94,-11.13,0.39,0.39,0.39,-1.00,0.00,-15.00,-1.00,1.85,0.67,8.96,-1.68
32226824,land,-3.94,-11.00,0.39,0.39,0.40,-1.00,0.00,-15.00,-1.00,1.88,0.66,9.32,-1.35
32316244,land,-3.81,-11.00,0.38,0.38,0.40,-1.00,0.00,-15.00,-1.00,1.88,0.66,9.47,-0.52
32416584,land,-3.69,-11.00,0.37,0.37,0.40,-1.00,0.00,-15.00,-1.00,1.79,0.81,9.83,0.34
32507188,land,-3.75,-10.75,0.37,0.37,0.43,-1.00,0.00,-15.00,-1.00,1.74,0.68,9.48,0.51
32597488,land,-3.81,-9.88,0.38,0.38,0.51,-1.00,0.00,-15.00,-1.00,1.56,0.76,9.30,0.34
32687624,land,-3.88,-9.00,0.39,0.39,0.60,-1.00,0.00,-15.00,-1.00,1.37,0.81,9.34,-0.17
32777136,land,-3.94,-8.25,0.39,0.39,0.68,-1.00,0.00,-15.00,-1.00,1.39,0.82,10.02,-0.69
32866740,land,-4.06,-7.81,0.41,0.41,0.72,-1.00,0.00,-15.00,-1.00,1.44,0.74,9.92,-0.87
32967296,land,-4.38,-7.31,0.44,0.44,0.77,-1.00,0.00,-15.00,-1.00,1.31,0.91,10.03,-1.52
33057920,land,-4.69,-7.38,0.47,0.47,0.76,-1.00,0.00,-15.00,-1.00,1.16,1.00,9.93,-2.19
33148272,land,-4.94,-8.13,0.49,0.49,0.69,-1.00,0.00,-15.00,-1.00,1.33,1.00,9.61,-2.69
33238396,land,-5.06,-9.31,0.51,0.51,0.57,-1.00,0.00,-15.00,-1.00,1.58,0.91,9.50,-2.69
33327572,land,-5.06,-10.56,0.51,0.51,0.44,-1.00,0.00,-15.00,-1.00,1.88,0.95,9.58,-1.91
33416880,land,-5.19,-11.75,0.52,0.52,0.32,-1.00,0.00,-15.00,-1.00,2.00,0.88,9.21,-1.39
33517572,land,-5.44,-12.94,0.54,0.54,0.21,-1.00,0.00,-15.00,-1.00,2.13,0.97,9.22,-1.35
33608556,land,-5.69,-13.63,0.57,0.57,0.14,-1.00,0.00,-15.00,-1.00,2.46,0.94,8.91,-1.69
33698976,land,-6.00,-13.75,0.60,0.60,0.12,-1.00,0.00,-15.00,-1.00,2.33,1.15,9.15,-2.53
33789200,land,-6.19,-13.56,0.62,0.62,0.14,-1.00,0.00,-15.00,-1.00,2.23,1.08,9.10,-2.69
33879400,land,-6.25,-13.38,0.63,0.63,0.16,-1.00,0.00,-15.00,-1.00,2.29,1.22,9.54,-2.25
33969108,land,-6.25,-13.38,0.63,0.63,0.16,-1.00,0.00,-15.00,-1.00,2.34,1.13,9.55,-1.56
34070156,land,-6.31,-13.44,0.63,0.63,0.16,-1.00,0.00,-15.00,-1.00,2.21,1.26,9.52,-0.84
34160364,land,-6.38,-13.50,0.64,0.64,0.15,-1.00,0.00,-15.00,-1.00,2.28,1.21,9.54,-0.51
34250032,land,-6.38,-13.63,0.64,0.64,0.14,-1.00,0.00,-15.00,-1.00,2.29,1.15,9.33,-0.34
34339984,land,-6.31,-13.63,0.63,0.63,0.14,-1.00,0.00,-15.00,-1.00,2.24,1.15,9.26,-0.17
34429592,land,-6.19,-13.38,0.62,0.62,0.16,-1.00,0.00,-15.00,-1.00,2.18,1.16,9.27,0.35
34519096,land,-6.25,-13.00,0.63,0.63,0.20,-1.00,0.00,-15.00,-1.00,2.13,1.17,9.34,0.35
34619780,land,-6.31,-12.50,0.63,0.63,0.25,-1.00,0.00,-15.00,-1.00,2.14,1.09,9.35,0.17
34710408,land,-6.44,-11.88,0.64,0.64,0.31,-1.00,0.00,-15.00,-1.00,1.93,1.25,9.72,-0.34
34800632,land,-6.56,-11.38,0.66,0.66,0.36,-1.00,0.00,-15.00,-1.00,1.95,1.24,9.46,-1.01
34890884,land,-6.50,-11.06,0.65,0.65,0.39,-1.00,0.00,-15.00,-1.00,1.73,1.07,9.65,-0.67
34980484,land,-6.06,-10.88,0.61,0.61,0.41,-1.00,0.00,-15.00,-1.00,1.91,1.12,9.55,0.69
35070108,land,-5.06,-10.25,0.51,0.51,0.47,-1.00,0.00,-15.00,-1.00,1.75,0.96,9.73,3.82
35170808,land,-3.56,-9.44,0.36,0.36,0.56,-1.00,0.00,-15.00,-1.00,1.58,0.92,9.82,8.11
35261420,land,-2.88,-8.94,0.29,0.29,0.61,-1.00,0.00,-15.00,-1.00,1.49,0.19,9.16,9.78
35351456,land,-3.25,-8.94,0.32,0.32,0.61,-1.00,0.00,-15.00,-1.00,1.38,0.95,10.05,7.58
35441660,land,-3.88,-9.19,0.39,0.39,0.58,-1.00,0.00,-15.00,-1.00,1.57,0.88,9.45,3.20
35531208,land,-4.69,-9.25,0.47,0.47,0.57,-1.00,0.00,-15.00,-1.00,1.79,0.74,9.59,-3.12
35620780,land,-6.06,-9.19,0.61,0.61,0.58,-1.00,0.00,-15.00,-1.00,1.42,1.26,9.51,-8.87
35721560,land,-8.25,-8.69,0.83,0.83,0.63,-1.00,0.00,-15.00,-1.00,1.47,1.31,8.97-1,3.52
35812280,land,-10.69,-7.81,1.00,1.00,0.72,-1.00,0.00,-15.00,-1.00,1.28,1.83,9.21-1,8.38
35911188,land,-13.44,-6.50,1.00,1.00,0.85,-1.00,0.00,-15.00,-1.00,1.18,2.25,9.49-2,3.01
36012556,land,-16.06,-5.06,1.00,1.00,0.99,-1.00,0.00,-15.00,-1.00,0.88,2.58,9.39-2,5.51
36102372,land,-17.87,-4.13,1.00,1.00,1.00,-1.00,0.00,-15.00,-1.00,0.69,3.08,9.52-2,5.25
36192308,land,-18.81,-3.81,1.00,1.00,1.00,-1.00,0.00,-15.00,-1.00,0.69,3.14,9.43-2,1.36
36293028,land,-18.50,-3.88,1.00,1.00,1.00,-1.00,0.00,-15.00,-1.00,0.53,3.19,9.46-1,3.25
36382120,land,-17.31,-3.94,1.00,1.00,1.00,-1.00,0.00,-15.00,-1.00,0.55,3.02,9.57,-3.38
36471048,land,-15.25,-4.00,1.00,1.00,1.00,-1.00,0.00,-15.00,-1.00,0.73,2.69,9.53,7.12
36562076,land,-12.63,-4.06,1.00,1.00,1.00,-1.00,0.00,-15.00,-1.00,0.69,2.49,9.821,6.73
36652748,land,-9.75,-4.25,0.98,0.98,1.00,-1.00,0.00,-15.00,-1.00,0.78,1.95,9.732,4.35
36743072,land,-6.81,-4.63,0.68,0.68,1.00,-1.00,0.00,-15.00,-1.00,0.76,1.42,9.932,9.11
36862400,land,-3.56,-5.31,0.36,0.36,0.97,-1.00,0.00,-15.00,-1.00,0.92,0.68,9.922,9.91
36953328,land,-2.06,-5.88,0.21,0.21,0.91,-1.00,0.00,-15.00,-1.00,1.21,0.38,9.602,7.03
37043848,land,-1.12,-6.44,0.11,0.11,0.86,-1.00,0.00,-15.00,-1.00,1.07,0.24,9.512,2.06
37134020,land,-0.50,-6.94,0.05,0.05,0.81,-1.00,0.00,-15.00,-1.00,1.03,0.29,10.251,6.15
37223704,land,0.06,-7.25,-0.01,-0.01,0.77,-1.00,0.00,-15.00,-1.00,1.29,-0.04,9.441,0.03
37314404,land,0.63,-7.31,-0.06,-0.06,0.77,-1.00,0.00,-15.00,-1.00,1.23,-0.01,9.73,7.44
37415412,land,1.06,-7.44,-0.11,-0.11,0.76,-1.00,0.00,-15.00,-1.00,1.40,-0.21,9.36,5.89
37505148,land,0.56,-7.38,-0.06,-0.06,0.76,-1.00,0.00,-15.00,-1.00,1.08,0.04,9.27,2.86
37595192,land,-0.44,-7.00,0.04,0.04,0.80,-1.00,0.00,-15.00,-1.00,0.98,0.31,9.32,-1.35
37684928,land,-2.25,-6.19,0.22,0.22,0.88,-1.00,0.00,-15.00,-1.00,1.36,0.52,9.28,-7.76
37774504,land,-4.44,-5.25,0.44,0.44,0.98,-1.00,0.00,-15.00,-1.00,1.01,0.79,9.84-1,5.32
37865244,land,-6.88,-4.31,0.69,0.69,1.00,-1.00,0.00,-15.00,-1.00,0.74,1.37,10.10-2,0.65
37966108,land,-9.69,-3.63,0.97,0.97,1.00,-1.00,0.00,-15.00,-1.00,0.50,1.67,10.05-2,4.93
38055800,land,-11.56,-3.38,1.00,1.00,1.00,-1.00,0.00,-15.00,-1.00,0.76,1.92,10.01-2,5.10
38145412,land,-13.44,-3.25,1.00,1.00,1.00,-1.00,0.00,-15.00,-1.00,0.63,2.18,9.65-2,4.23
38234680,land,-14.88,-3.13,1.00,1.00,1.00,-1.00,0.00,-15.00,-1.00,0.61,2.44,9.56-2,1.63
38323736,land,-15.81,-2.94,1.00,1.00,1.00,-1.00,0.00,-15.00,-1.00,0.44,2.52,9.06-1,7.11
38423840,land,-16.31,-2.94,1.00,1.00,1.00,-1.00,0.00,-15.00,-1.00,0.36,3.03,9.32-1,2.90
38514940,land,-16.37,-3.06,1.00,1.00,1.00,-1.00,0.00,-15.00,-1.00,0.67,2.53,9.48,-7.95
38605288,land,-16.12,-3.13,1.00,1.00,1.00,-1.00,0.00,-15.00,-1.00,0.74,2.70,9.11,-3.37
38695500,land,-15.69,-3.19,1.00,1.00,1.00,-1.00,0.00,-15.00,-1.00,0.72,2.70,9.14,0.34
38785032,land,-15.13,-2.94,1.00,1.00,1.00,-1.00,0.00,-15.00,-1.00,0.87,3.16,10.55,3.29
38874012,land,-14.44,-2.56,1.00,1.00,1.00,-1.00,0.00,-15.00,-1.00,0.39,2.55,9.29,5.40
38974060,land,-13.69,-2.63,1.00,1.00,1.00,-1.00,0.00,-15.00,-1.00,0.47,2.51,9.71,6.61
39065136,land,-13.13,-2.75,1.00,1.00,1.00,-1.00,0.00,-15.00,-1.00,0.29,2.39,9.88,6.93
39155760,land,-12.56,-2.88,1.00,1.00,1.00,-1.00,0.00,-15.00,-1.00,0.34,2.17,9.35,6.91
39246236,land,-12.06,-2.63,1.00,1.00,1.00,-1.00,0.00,-15.00,-1.00,0.44,1.95,9.59,6.38
39335640,land,-11.75,-2.44,1.00,1.00,1.00,-1.00,0.00,-15.00,-1.00,0.45,2.29,9.79,5.36
39424608,land,-11.63,-2.44,1.00,1.00,1.00,-1.00,0.00,-15.00,-1.00,0.44,2.04,9.53,4.17
39524644,land,-11.69,-2.69,1.00,1.00,1.00,-1.00,0.00,-15.00,-1.00,0.47,2.05,9.70,2.37
39615708,land,-11.69,-2.88,1.00,1.00,1.00,-1.00,0.00,-15.00,-1.00,0.45,2.04,9.57,1.01
39706524,land,-11.69,-3.00,1.00,1.00,1.00,-1.00,0.00,-15.00,-1.00,0.54,2.02,9.52,0.17
39796884,land,-11.75,-2.94,1.00,1.00,1.00,-1.00,0.00,-15.00,-1.00,0.50,2.12,9.74,-0.34
39885920,land,-11.75,-2.81,1.00,1.00,1.00,-1.00,0.00,-15.00,-1.00,0.50,2.08,9.61,-0.17
39974920,land,-11.63,-2.69,1.00,1.00,1.00,-1.00,0.00,-15.00,-1.00,0.45,2.02,9.62,0.17
40075016,land,-11.38,-2.88,1.00,1.00,1.00,-1.00,0.00,-15.00,-1.00,0.41,2.03,9.70,0.85
